9.809
9.808
9.802
9.802
9.804
9.808
9.809
9.801
9.798
9.796
9.794
9.794
9.803
9.807
9.800
9.798
9.795
9.794
9.795
9.799
9.801
9.802
9.805
9.806
9.805
9.801
9.803
9.802
9.804
9.806
9.807
9.807
9.808
9.804
9.800
9.799
9.799
9.802
9.804
9.802
9.804
9.801
9.799
9.798
9.800
9.799
9.802
9.804
9.806
9.804
9.802
9.805
9.808
9.807
9.810
9.811
9.808
9.809
9.811
9.811
9.809
9.810
9.809
9.808
9.808
9.808
9.806
9.806
9.807
9.804
9.806
9.804
9.807
9.803
9.805
9.804
9.807
9.809
9.809
9.809
9.808
9.807
9.804
9.804
9.806
9.802
9.806
9.806
9.807
9.801
9.798
9.799
9.797
9.799
9.800
9.799
9.798
9.798
9.800
9.801
9.800
9.799
9.802
9.801
9.800
9.800
9.802
9.802
9.802
9.801
9.803
9.802
9.800
9.802
9.804
9.804
9.805
9.804
9.802
9.807
9.811
9.808
9.811
9.809
9.811
9.810
9.808
9.808
9.810
9.811
9.815
9.812
9.816
9.819
9.819
9.821
9.821
9.818
9.819
9.822
9.828
9.835
9.851
9.832
9.811
9.795
9.797
9.794
9.800
9.797
9.808
9.804
9.811
9.814
9.817
9.818
9.815
9.810
9.807
9.808
9.800
9.792
9.803
9.803
9.808
9.808
9.802
9.794
9.794
9.794
9.795
9.797
9.795
9.796
9.798
9.795
9.793
9.793
9.795
9.796
9.801
9.802
9.802
9.799
9.797
9.796
9.801
9.798
9.800
9.799
9.805
9.801
9.795
9.794
9.799
9.807
9.815
9.799
9.828
9.821
9.796
9.836
9.820
9.819
9.822
9.829
9.831
9.836
9.834
9.839
9.838
9.831
9.816
9.805
9.798
9.799
9.808
9.805
9.808
9.819
9.826
9.824
9.827
9.824
9.832
9.819
9.810
9.790
9.824
9.787
9.787
9.788
9.800
9.773
9.789
9.784
9.788
9.788
9.790
9.785
9.794
9.790
9.790
9.791
9.793
9.795
9.791
9.785
9.779
9.778
9.776
9.786
9.790
9.790
9.794
9.800
9.809
9.802
9.798
9.799
9.796
9.794
9.802
9.801
9.806
9.802
9.804
9.798
9.806
9.813
9.813
9.822
9.811
9.815
9.822
9.828
9.830
9.832
9.825
9.815
9.809
9.805
9.803
9.800
9.796
9.794
9.806
9.811
9.808
9.809
9.816
9.811
9.816
9.809
9.810
9.811
9.811
9.806
9.808
9.808
9.811
9.811
9.809
9.807
9.809
9.807
9.808
9.806
9.806
9.807
9.807
9.808
9.806
9.803
9.805
9.806
9.805
9.806
9.806
9.803
9.801
9.801
9.800
9.797
9.803
9.802
9.801
9.796
9.797
9.791
9.793
9.799
9.801
9.801
9.798
9.794
9.800
9.802
9.803
9.804
9.806
9.805
9.805
9.806
9.806
9.802
9.806
9.803
9.803
9.804
9.806
9.803
9.806
9.807
9.808
9.806
9.808
9.808
9.808
9.804
9.808
9.811
9.813
9.812
9.810
9.806
9.805
9.804
9.802
9.803
9.803
9.802
9.803
9.805
9.804
9.803
9.801
9.797
9.799
9.799
9.799
9.802
9.799
9.797
9.797
9.798
9.802
9.803
9.806
9.806
9.807
9.807
9.805
9.805
9.801
9.803
9.778
9.796
9.832
9.834
9.820
9.811
9.810
9.809
9.801
9.815
9.805
9.805
9.808
9.806
9.806
9.805
9.803
9.799
9.804
9.801
9.799
9.799
9.802
9.802
9.804
9.808
9.803
9.802
9.797
9.794
9.793
9.794
9.802
9.803
9.799
9.792
9.786
9.788
9.791
9.793
9.796
9.796
9.800
9.799
9.802
9.802
9.801
9.802
9.803
9.802
9.801
9.800
9.798
9.793
9.791
9.793
9.793
9.792
9.791
9.791
9.792
9.792
9.793
9.794
9.799
9.801
9.804
9.803
9.804
9.806
9.809
9.809
9.806
9.804
9.802
9.801
9.805
9.802
9.803
9.803
9.802
9.801
9.803
9.802
9.804
9.800
9.801
9.804
9.808
9.806
9.803
9.797
9.797
9.807
9.805
9.800
9.799
9.800
9.798
9.797
9.803
9.806
9.807
9.783
9.788
9.790
9.793
9.792
9.792
9.788
9.783
9.783
9.786
9.796
9.795
9.793
9.794
9.794
9.796
9.797
9.792
9.803
9.807
9.807
9.802
9.807
9.800
9.799
9.792
9.795
9.797
9.807
9.804
9.806
9.802
9.789
9.786
9.791
9.780
9.784
9.777
9.780
9.780
9.775
9.786
9.787
9.799
9.802
9.800
9.799
9.794
9.795
9.795
9.807
9.812
9.807
9.809
9.805
9.809
9.801
9.805
9.802
9.801
9.798
9.800
9.801
9.808
9.808
9.814
9.816
9.815
9.807
9.820
9.817
9.815
9.811
9.814
9.814
9.815
9.813
9.804
9.798
9.798
9.800
9.792
9.792
9.790
9.791
9.791
9.792
9.796
9.801
9.804
9.803
9.809
9.812
9.809
9.818
9.814
9.811
9.803
9.788
9.787
9.790
9.801
9.807
9.814
9.812
9.805
9.786
9.791
9.791
9.792
9.794
9.796
9.797
9.798
9.797
9.797
9.799
9.797
9.797
9.801
9.800
9.798
9.795
9.797
9.799
9.797
9.796
9.797
9.797
9.799
9.796
9.797
9.796
9.795
9.798
9.798
9.797
9.794
9.792
9.794
9.795
9.798
9.795
9.794
9.796
9.798
9.795
9.792
9.795
9.798
9.801
9.802
9.799
9.800
9.798
9.799
9.798
9.797
9.797
9.800
9.804
9.806
9.808
9.807
9.807
9.807
9.806
9.805
9.802
9.801
9.802
9.804
9.808
9.807
9.804
9.806
9.805
9.802
9.803
9.804
9.807
9.803
9.806
9.803
9.803
9.808
9.806
9.803
9.800
9.797
9.798
9.801
9.800
9.801
9.801
9.802
9.801
9.797
9.797
9.798
9.799
9.803
9.800
9.801
9.802
9.801
9.800
9.803
9.804
9.810
9.810
9.807
9.812
9.813
9.811
9.814
9.813
9.811
9.815
9.817
9.815
9.809
9.811
9.817
9.813
9.813
9.809
9.806
9.806
9.806
9.806
9.806
9.804
9.808
9.808
9.812
9.813
9.811
9.811
9.811
9.812
9.810
9.809
9.809
9.810
9.810
9.803
9.808
9.810
9.815
9.817
9.818
9.816
9.816
9.815
9.811
9.799
9.805
9.804
9.803
9.807
9.806
9.803
9.805
9.804
9.805
9.811
9.806
9.806
9.811
9.808
9.808
9.804
9.812
9.816
9.810
9.814
9.808
9.794
9.797
9.803
9.803
9.795
9.795
9.798
9.803
9.804
9.804
9.803
9.807
9.807
9.810
9.808
9.810
9.812
9.803
9.797
9.790
9.788
9.778
9.786
9.788
9.790
9.800
9.797
9.799
9.796
9.803
9.802
9.798
9.801
9.809
9.810
9.806
9.800
9.803
9.807
9.796
9.803
9.806
9.809
9.804
9.790
9.787
9.794
9.795
9.796
9.791
9.790
9.789
9.785
9.783
9.784
9.788
9.781
9.788
9.787
9.787
9.783
9.787
9.790
9.795
9.800
9.799
9.801
9.800
9.799
9.796
9.792
9.794
9.794
9.796
9.796
9.799
9.797
9.796
9.799
9.797
9.798
9.798
9.794
9.791
9.796
9.797
9.797
9.799
9.791
9.785
9.785
9.796
9.798
9.797
9.796
9.793
9.800
9.801
9.806
9.806
9.813
9.812
9.812
9.803
9.808
9.814
9.814
9.810
9.810
9.808
9.807
9.807
9.802
9.800
9.801
9.802
9.805
9.808
9.807
9.808
9.806
9.807
9.803
9.805
9.804
9.804
9.804
9.801
9.799
9.800
9.798
9.797
9.802
9.802
9.803
9.803
9.801
9.802
9.801
9.802
9.803
9.810
9.808
9.807
9.804
9.803
9.803
9.807
9.804
9.804
9.802
9.801
9.803
9.802
9.800
9.805
9.805
9.804
9.807
9.811
9.809
9.812
9.817
9.816
9.818
9.814
9.808
9.815
9.810
9.803
9.805
9.809
9.785
9.806
9.822
9.826
9.824
9.822
9.810
9.820
9.813
9.829
9.807
9.808
9.811
9.818
9.819
9.820
9.816
9.823
9.813
9.813
9.807
9.804
9.800
9.802
9.789
9.795
9.812
9.823
9.806
9.820
9.823
9.817
9.821
9.820
9.819
9.818
9.814
9.817
9.805
9.810
9.811
9.811
9.799
9.805
9.798
9.799
9.803
9.811
9.806
9.799
9.803
9.803
9.813
9.810
9.807
9.803
9.806
9.800
9.796
9.798
9.797
9.800
9.800
9.804
9.804
9.806
9.802
9.804
9.804
9.806
9.802
9.805
9.804
9.800
9.804
9.807
9.804
9.806
9.811
9.810
9.813
9.812
9.808
9.805
9.807
9.807
9.808
9.810
9.809
9.808
9.807
9.804
9.806
9.805
9.809
9.810
9.810
9.810
9.808
9.810
9.803
9.806
9.792
9.799
9.796
9.800
9.803
9.800
9.801
9.804
9.799
9.800
9.796
9.798
9.799
9.798
9.803
9.805
9.804
9.802
9.804
9.803
9.800
9.798
9.796
9.805
9.805
9.801
9.811
9.791
9.806
9.806
9.807
9.803
9.799
9.802
9.806
9.808
9.806
9.803
9.800
9.799
9.800
9.806
9.809
9.809
9.808
9.809
9.809
9.807
9.805
9.804
9.805
9.807
9.803
9.805
9.807
9.811
9.811
9.806
9.803
9.799
9.800
9.800
9.799
9.798
9.797
9.795
9.794
9.796
9.798
9.796
9.798
9.801
9.798
9.798
9.797
9.796
9.795
9.793
9.793
9.792
9.796
9.796
9.796
9.799
9.798
9.795
9.794
9.797
9.798
9.798
9.799
9.798
9.797
9.800
9.804
9.808
9.812
9.813
9.812
9.810
9.807
9.808
9.807
9.804
9.806
9.804
9.799
9.799
9.798
9.800
9.800
9.803
9.799
9.798
9.799
9.811
9.799
9.813
9.815
9.817
9.823
9.820
9.826
9.822
9.819
9.814
9.814
9.813
9.812
9.814
9.810
9.811
9.812
9.817
9.816
9.815
9.815
9.813
9.809
9.807
9.807
9.808
9.804
9.808
9.808
9.808
9.809
9.804
9.803
9.810
9.808
9.803
9.798
9.800
9.801
9.808
9.809
9.807
9.809
9.810
9.805
9.813
9.806
9.803
9.818
9.822
9.805
9.800
9.813
9.810
9.806
9.812
9.809
9.800
9.812
9.818
9.814
9.811
9.814
9.814
9.815
9.814
9.805
9.814
9.816
9.817
9.816
9.813
9.817
9.820
9.820
9.810
9.809
9.804
9.802
9.799
9.799
9.802
9.807
9.793
9.794
9.801
9.804
9.807
9.806
9.807
9.808
9.808
9.807
9.806
9.810
9.802
9.799
9.802
9.810
9.801
9.791
9.801
9.804
9.794
9.777
9.792
9.807
9.804
9.783
9.800
9.821
9.808
9.772
9.775
9.812
9.822
9.807
9.767
9.783
9.821
9.808
9.779
9.786
9.813
9.811
9.788
9.789
9.808
9.809
9.799
9.791
9.800
9.806
9.801
9.790
9.793
9.800
9.796
9.784
9.788
9.794
9.796
9.793
9.798
9.807
9.811
9.801
9.799
9.809
9.819
9.808
9.802
9.804
9.813
9.815
9.805
9.802
9.811
9.809
9.804
9.808
9.812
9.811
9.808
9.806
9.808
9.807
9.806
9.804
9.807
9.809
9.810
9.809
9.805
9.802
9.807
9.802
9.798
9.798
9.804
9.805
9.800
9.801
9.801
9.804
9.801
9.798
9.801
9.801
9.801
9.802
9.804
9.801
9.801
9.807
9.809
9.809
9.810
9.809
9.811
9.811
9.809
9.807
9.811
9.807
9.805
9.807
9.807
9.804
9.805
9.805
9.807
9.806
9.805
9.806
9.805
9.802
9.804
9.805
9.803
9.801
9.804
9.803
9.805
9.808
9.809
9.809
9.807
9.805
9.805
9.804
9.803
9.805
9.806
9.802
9.804
9.804
9.803
9.799
9.804
9.807
9.806
9.805
9.801
9.802
9.804
9.801
9.797
9.799
9.799
9.797
9.797
9.797
9.797
9.799
9.799
9.795
9.798
9.800
9.805
9.810
9.809
9.810
9.804
9.800
9.802
9.801
9.799
9.801
9.804
9.806
9.805
9.801
9.802
9.801
9.802
9.799
9.797
9.800
9.802
9.799
9.797
9.798
9.799
9.798
9.798
9.798
9.801
9.801
9.803
9.807
9.810
9.809
9.807
9.806
9.810
9.808
9.811
9.811
9.811
9.812
9.815
9.812
9.813
9.811
9.812
9.814
9.811
9.807
9.806
9.805
9.808
9.807
9.805
9.805
9.804
9.800
9.807
9.808
9.806
9.805
9.809
9.808
9.807
9.807
9.810
9.812
9.811
9.812
9.813
9.810
9.808
9.804
9.805
9.804
9.803
9.802
9.802
9.802
9.803
9.802
9.805
9.804
9.807
9.805
9.805
9.806
9.810
9.808
9.807
9.809
9.812
9.811
9.812
9.808
9.811
9.813
9.811
9.805
9.810
9.810
9.808
9.810
9.809
9.807
9.811
9.810
9.805
9.808
9.806
9.803
9.801
9.801
9.805
9.804
9.803
9.804
9.805
9.805
9.803
9.803
9.807
9.810
9.810
9.809
9.808
9.793
9.789
9.815
9.836
9.802
9.786
9.819
9.829
9.806
9.786
9.790
9.800
9.802
9.798
9.794
9.796
9.800
9.803
9.748
9.803
9.873
9.845
9.755
9.763
9.829
9.849
9.800
9.761
9.785
9.825
9.823
9.795
9.781
9.794
9.801
9.803
9.814
9.812
9.808
9.810
9.800
9.795
9.805
9.796
9.800
9.788
9.792
9.789
9.775
9.786
9.795
9.798
9.793
9.788
9.790
9.755
9.784
9.851
9.877
9.850
9.817
9.801
9.802
9.795
9.792
9.798
9.817
9.824
9.814
9.804
9.803
9.805
9.796
9.792
9.795
9.804
9.802
9.792
9.792
9.800
9.803
9.805
9.810
9.809
9.811
9.808
9.801
9.801
9.804
9.805
9.806
9.803
9.793
9.796
9.807
9.811
9.810
9.810
9.804
9.801
9.807
9.809
9.807
9.804
9.805
9.809
9.811
9.814
9.813
9.816
9.808
9.804
9.803
9.807
9.807
9.806
9.802
9.804
9.803
9.807
9.804
9.805
9.804
9.804
9.804
9.813
9.820
9.825
9.819
9.811
9.808
9.814
9.818
9.815
9.798
9.790
9.886
9.864
9.801
9.809
9.844
9.835
9.815
9.815
9.821
9.818
9.806
9.805
9.804
9.810
9.811
9.812
9.806
9.806
9.810
9.812
9.811
9.811
9.807
9.802
9.796
9.791
9.791
9.799
9.799
9.800
9.798
9.796
9.796
9.802
9.804
9.808
9.806
9.798
9.800
9.818
9.819
9.811
9.811
9.820
9.816
9.811
9.808
9.804
9.809
9.813
9.805
9.802
9.798
9.801
9.811
9.820
9.814
9.808
9.805
9.808
9.814
9.813
9.809
9.810
9.809
9.809
9.806
9.805
9.805
9.810
9.815
9.811
9.809
9.804
9.797
9.795
9.796
9.802
9.807
9.804
9.800
9.803
9.805
9.803
9.806
9.808
9.810
9.810
9.809
9.808
9.810
9.810
9.810
9.815
9.816
9.810
9.808
9.805
9.805
9.806
9.803
9.805
9.809
9.811
9.810
9.809
9.809
9.807
9.810
9.808
9.806
9.806
9.809
9.808
9.812
9.809
9.803
9.804
9.805
9.806
9.808
9.810
9.807
9.802
9.801
9.803
9.805
9.801
9.794
9.796
9.799
9.799
9.800
9.807
9.808
9.804
9.799
9.804
9.808
9.806
9.801
9.799
9.798
9.803
9.806
9.803
9.798
9.802
9.807
9.810
9.806
9.806
9.809
9.821
9.823
9.817
9.809
9.809
9.806
9.804
9.798
9.794
9.797
9.801
9.804
9.803
9.804
9.803
9.805
9.809
9.810
9.806
9.803
9.804
9.805
9.806
9.798
9.796
9.802
9.807
9.808
9.807
9.801
9.799
9.800
9.801
9.798
9.800
9.798
9.800
9.799
9.800
9.800
9.805
9.804
9.804
9.800
9.800
9.800
9.806
9.806
9.805
9.805
9.804
9.801
9.804
9.802
9.799
9.803
9.799
9.796
9.797
9.797
9.798
9.789
9.787
9.796
9.794
9.801
9.792
9.792
9.787
9.791
9.793
9.798
9.808
9.806
9.805
9.798
9.803
9.802
9.797
9.796
9.799
9.803
9.809
9.811
9.808
9.803
9.797
9.799
9.801
9.799
9.801
9.805
9.801
9.814
9.817
9.810
9.811
9.814
9.807
9.806
9.798
9.797
9.803
9.805
9.807
9.799
9.798
9.797
9.794
9.799
9.798
9.797
9.800
9.798
9.798
9.801
9.802
9.800
9.805
9.811
9.810
9.809
9.806
9.810
9.806
9.802
9.809
9.816
9.821
9.814
9.809
9.811
9.813
9.814
9.814
9.809
9.802
9.800
9.805
9.802
9.803
9.802
9.804
9.803
9.799
9.795
9.800
9.804
9.809
9.805
9.800
9.796
9.799
9.806
9.816
9.820
9.818
9.813
9.808
9.806
9.816
9.814
9.804
9.797
9.800
9.809
9.816
9.815
9.813
9.816
9.820
9.820
9.826
9.800
9.769
9.807
9.792
9.786
9.794
9.793
9.790
9.787
9.789
9.792
9.799
9.802
9.801
9.802
9.799
9.798
9.805
9.809
9.810
9.807
9.803
9.799
9.807
9.809
9.807
9.806
9.802
9.799
9.802
9.794
9.790
9.792
9.803
9.811
9.813
9.816
9.810
9.809
9.814
9.814
9.815
9.813
9.809
9.803
9.804
9.807
9.809
9.807
9.804
9.797
9.796
9.805
9.811
9.810
9.808
9.807
9.804
9.806
9.804
9.817
9.808
9.807
9.801
9.800
9.805
9.796
9.804
9.805
9.811
9.803
9.804
9.802
9.808
9.806
9.804
9.799
9.807
9.808
9.810
9.810
9.810
9.803
9.805
9.807
9.821
9.824
9.818
9.819
9.817
9.825
9.825
9.834
9.824
9.809
9.809
9.812
9.820
9.822
9.818
9.818
9.824
9.819
9.815
9.806
9.806
9.801
9.812
9.795
9.791
9.789
9.799
9.801
9.806
9.803
9.799
9.799
9.800
9.797
9.806
9.804
9.806
9.805
9.808
9.810
9.812
9.811
9.812
9.810
9.815
9.812
9.811
9.802
9.808
9.804
9.808
9.806
9.806
9.805
9.805
9.802
9.803
9.802
9.803
9.803
9.801
9.799
9.799
9.797
9.796
9.801
9.803
9.800
9.799
9.800
9.800
9.807
9.805
9.808
9.808
9.805
9.806
9.805
9.803
9.802
9.804
9.799
9.797
9.798
9.800
9.799
9.800
9.798
9.798
9.800
9.795
9.793
9.797
9.794
9.795
9.798
9.801
9.803
9.809
9.805
9.803
9.798
9.799
9.796
9.798
9.799
9.798
9.798
9.804
9.804
9.811
9.807
9.809
9.807
9.805
9.800
9.803
9.805
9.808
9.806
9.807
9.806
9.806
9.807
9.812
9.813
9.808
9.805
9.803
9.806
9.809
9.811
9.807
9.806
9.806
9.805
9.803
9.802
9.800
9.801
9.803
9.803
9.801
9.799
9.804
9.806
9.803
9.806
9.800
9.800
9.799
9.801
9.801
9.805
9.806
9.806
9.800
9.797
9.783
9.724
9.796
9.874
9.815
9.761
9.766
9.799
9.813
9.820
9.812
9.801
9.799
9.804
9.802
9.797
9.797
9.797
9.800
9.797
9.798
9.797
9.802
9.798
9.799
9.800
9.799
9.803
9.804
9.802
9.803
9.806
9.806
9.805
9.804
9.802
9.803
9.806
9.804
9.805
9.805
9.800
9.801
9.799
9.799
9.801
9.801
9.797
9.800
9.800
9.800
9.802
9.804
9.802
9.802
9.804
9.804
9.800
9.801
9.803
9.804
9.803
9.803
9.801
9.802
9.806
9.806
9.804
9.811
9.816
9.818
9.813
9.806
9.799
9.796
9.798
9.801
9.797
9.799
9.798
9.801
9.805
9.805
9.801
9.797
9.802
9.805
9.807
9.805
9.806
9.805
9.804
9.800
9.796
9.800
9.802
9.802
9.799
9.799
9.797
9.797
9.797
9.803
9.801
9.797
9.793
9.795
9.794
9.801
9.802
9.800
9.798
9.799
9.802
9.801
9.803
9.801
9.800
9.799
9.801
9.804
9.806
9.805
9.804
9.807
9.806
9.807
9.805
9.806
9.802
9.817
9.812
9.812
9.813
9.803
9.794
9.802
9.806
9.804
9.806
9.804
9.802
9.803
9.801
9.801
9.804
9.805
9.802
9.806
9.804
9.799
9.800
9.802
9.802
9.798
9.798
9.798
9.802
9.805
9.806
9.808
9.803
9.802
9.806
9.807
9.806
9.808
9.809
9.808
9.810
9.806
9.803
9.805
9.801
9.802
9.802
9.803
9.802
9.800
9.799
9.799
9.802
9.800
9.800
9.798
9.796
9.794
9.797
9.801
9.802
9.802
9.798
9.795
9.797
9.798
9.795
9.793
9.796
9.798
9.801
9.798
9.796
9.799
9.796
9.795
9.794
9.792
9.790
9.793
9.797
9.799
9.798
9.796
9.799
9.804
9.802
9.800
9.800
9.807
9.807
9.808
9.804
9.801
9.801
9.802
9.803
9.807
9.803
9.799
9.804
9.807
9.808
9.803
9.802
9.801
9.802
9.802
9.800
9.803
9.805
9.807
9.808
9.811
9.809
9.808
9.808
9.811
9.808
9.812
9.810
9.810
9.809
9.812
9.809
9.806
9.800
9.804
9.806
9.808
9.807
9.807
9.806
9.808
9.809
9.812
9.810
9.810
9.808
9.810
9.810
9.807
9.806
9.812
9.810
9.810
9.807
9.805
9.800
9.802
9.804
9.808
9.806
9.802
9.801
9.802
9.802
9.800
9.802
9.803
9.802
9.801
9.799
9.803
9.802
9.802
9.802
9.805
9.806
9.804
9.803
9.806
9.804
9.807
9.805
9.804
9.806
9.806
9.807
9.806
9.803
9.803
9.803
9.805
9.805
9.805
9.804
9.801
9.803
9.805
9.804
9.804
9.806
9.791
9.796
9.800
9.796
9.791
9.789
9.790
9.795
9.803
9.806
9.803
9.808
9.805
9.806
9.807
9.817
9.815
9.814
9.821
9.817
9.814
9.815
9.814
9.812
9.810
9.806
9.805
9.804
9.804
9.803
9.804
9.805
9.842
9.800
9.801
9.793
9.796
9.793
9.794
9.799
9.821
9.805
9.744
9.767
9.749
9.762
9.781
9.778
9.780
9.784
9.787
9.791
9.798
9.795
9.789
9.794
9.801
9.802
9.801
9.807
9.799
9.798
9.805
9.806
9.807
9.805
9.799
9.796
9.799
9.799
9.800
9.796
9.797
9.782
9.820
9.803
9.810
9.810
9.807
9.804
9.798
9.800
9.800
9.798
9.793
9.797
9.798
9.801
9.809
9.804
9.810
9.811
9.798
9.801
9.796
9.791
9.792
9.803
9.811
9.804
9.807
9.811
9.820
9.825
9.823
9.822
9.826
9.821
9.819
9.806
9.805
9.788
9.792
9.797
9.818
9.902
10.000
9.991
9.895
9.848
9.828
9.832
9.842
9.849
9.814
9.800
9.806
9.811
9.811
9.804
9.792
9.771
9.774
9.789
9.784
9.771
9.782
9.791
9.796
9.792
9.784
9.789
9.788
9.784
9.771
9.766
9.784
9.801
9.826
9.845
9.841
9.840
9.843
9.862
9.886
9.893
9.889
9.898
9.918
9.963
10.023
10.086
10.151
10.205
10.258
10.291
10.289
10.251
10.196
10.131
10.076
10.030
9.972
9.905
9.830
9.769
9.728
9.695
9.673
9.648
9.619
9.596
9.592
9.583
9.563
9.535
9.533
9.553
9.581
9.605
9.626
9.663
9.722
9.791
9.839
9.895
9.919
9.890
9.832
9.761
9.686
9.629
9.618
9.621
9.617
9.651
9.729
9.782
9.803
9.755
9.724
9.728
9.767
9.802
9.882
9.974
10.039
10.060
10.038
9.971
9.890
9.829
9.808
9.819
9.844
9.865
9.863
9.901
9.972
10.032
10.063
10.046
9.992
9.918
9.835
9.765
9.716
9.661
9.629
9.630
9.653
9.674
9.698
9.724
9.757
9.777
9.775
9.748
9.715
9.689
9.669
9.660
9.651
9.639
9.636
9.641
9.645
9.640
9.621
9.596
9.583
9.575
9.594
9.612
9.618
9.611
9.595
9.579
9.566
9.549
9.523
9.495
9.474
9.486
9.528
9.588
9.650
9.720
9.787
9.836
9.869
9.895
9.909
9.912
9.907
9.901
9.896
9.899
9.903
9.909
9.907
9.893
9.879
9.868
9.872
9.892
9.931
9.964
9.974
9.965
9.947
9.940
9.959
9.992
10.023
10.036
10.041
10.038
10.030
10.026
10.025
10.027
10.033
10.050
10.103
10.172
10.246
10.316
10.371
10.381
10.348
10.291
10.217
10.135
10.047
9.933
9.820
9.722
9.662
9.640
9.638
9.631
9.614
9.590
9.572
9.568
9.583
9.608
9.622
9.606
9.565
9.507
9.456
9.425
9.423
9.458
9.513
9.573
9.621
9.631
9.612
9.575
9.538
9.510
9.503
9.532
9.571
9.617
9.666
9.740
9.852
9.961
10.050
10.100
10.138
10.182
10.247
10.328
10.401
10.435
10.419
10.376
10.356
10.385
10.446
10.521
10.558
10.530
10.476
10.420
10.371
10.334
10.308
10.270
10.226
10.183
10.135
10.083
10.044
10.008
9.964
9.897
9.827
9.791
9.799
9.864
9.951
10.003
10.007
9.936
9.800
9.716
9.729
9.806
9.930
10.079
10.229
10.323
10.316
10.172
9.956
9.792
9.745
9.797
9.919
9.980
9.983
9.924
9.818
9.689
9.579
9.498
9.429
9.373
9.344
9.360
9.416
9.493
9.535
9.528
9.494
9.468
9.493
9.549
9.588
9.605
9.606
9.579
9.539
9.505
9.506
9.537
9.585
9.622
9.622
9.585
9.539
9.498
9.483
9.509
9.583
9.693
9.800
9.868
9.873
9.843
9.806
9.769
9.740
9.706
9.663
9.612
9.551
9.489
9.421
9.357
9.311
9.272
9.245
9.240
9.271
9.326
9.387
9.448
9.491
9.500
9.493
9.479
9.481
9.505
9.549
9.599
9.641
9.687
9.734
9.766
9.771
9.796
9.860
9.945
10.018
10.063
10.088
10.102
10.092
10.048
9.965
9.840
9.725
9.640
9.606
9.620
9.669
9.722
9.767
9.808
9.838
9.846
9.835
9.788
9.766
9.749
9.740
9.736
9.729
9.720
9.719
9.716
9.706
9.681
9.658
9.640
9.630
9.631
9.659
9.709
9.770
9.820
9.845
9.843
9.817
9.771
9.736
9.736
9.764
9.821
9.906
9.997
10.048
10.038
10.011
9.982
9.962
9.951
9.942
9.925
9.903
9.871
9.831
9.791
9.753
9.728
9.715
9.709
9.698
9.678
9.649
9.625
9.618
9.624
9.634
9.635
9.624
9.612
9.610
9.622
9.666
9.722
9.772
9.793
9.791
9.778
9.751
9.690
9.612
9.560
9.563
9.610
9.651
9.664
9.662
9.657
9.668
9.703
9.781
9.891
10.015
10.113
10.143
10.127
10.064
9.967
9.853
9.749
9.687
9.669
9.681
9.706
9.722
9.741
9.772
9.794
9.799
9.796
9.794
9.790
9.787
9.708
9.738
9.850
9.965
10.048
10.076
10.061
10.030
9.994
9.976
9.990
10.045
10.115
10.171
10.192
10.200
10.218
10.239
10.253
10.276
10.320
10.356
10.345
10.290
10.194
10.103
10.051
10.019
9.980
9.928
9.866
9.802
9.728
9.649
9.570
9.499
9.454
9.467
9.506
9.543
9.555
9.520
9.469
9.391
9.330
9.293
9.276
9.276
9.266
9.251
9.249
9.252
9.255
9.278
9.316
9.357
9.399
9.451
9.498
9.556
9.618
9.685
9.733
9.727
9.693
9.644
9.608
9.615
9.694
9.831
9.982
10.086
10.087
9.996
9.873
9.771
9.721
9.725
9.752
9.772
9.765
9.742
9.703
9.658
9.622
9.603
9.613
9.652
9.707
9.745
9.747
9.731
9.720
9.727
9.732
9.719
9.699
9.695
9.681
9.677
9.685
9.697
9.707
9.696
9.662
9.629
9.618
9.645
9.689
9.744
9.804
9.863
9.915
9.962
10.012
10.047
10.066
10.066
10.048
10.036
10.061
10.122
10.186
10.217
10.196
10.126
10.028
9.930
9.882
9.890
9.913
9.950
9.977
9.985
9.967
9.937
9.896
9.851
9.800
9.770
9.762
9.781
9.800
9.802
9.761
9.706
9.651
9.616
9.586
9.565
9.570
9.610
9.680
9.753
9.808
9.831
9.827
9.810
9.803
9.798
9.792
9.780
9.765
9.746
9.723
9.707
9.687
9.662
9.638
9.613
9.593
9.598
9.637
9.698
9.763
9.817
9.854
9.876
9.900
9.934
9.965
9.976
9.965
9.967
9.966
9.954
9.935
9.908
9.894
9.880
9.868
9.862
9.866
9.880
9.897
9.908
9.915
9.919
9.900
9.874
9.849
9.818
9.775
9.738
9.699
9.690
9.682
9.667
9.664
9.697
9.749
9.781
9.792
9.791
9.790
9.804
9.820
9.840
9.864
9.891
9.901
9.903
9.891
9.867
9.836
9.792
9.745
9.719
9.712
9.717
9.727
9.731
9.727
9.727
9.726
9.723
9.710
9.710
9.713
9.721
9.737
9.756
9.773
9.804
9.826
9.826
9.808
9.790
9.763
9.737
9.712
9.685
9.670
9.663
9.656
9.647
9.637
9.627
9.619
9.620
9.626
9.654
9.691
9.735
9.766
9.788
9.808
9.816
9.821
9.828
9.841
9.854
9.842
9.813
9.781
9.767
9.771
9.781
9.782
9.772
9.756
9.759
9.765
9.777
9.793
9.813
9.832
9.849
9.834
9.809
9.785
9.773
9.764
9.754
9.733
9.705
9.683
9.668
9.654
9.640
9.621
9.603
9.580
9.569
9.573
9.583
9.593
9.591
9.587
9.584
9.578
9.595
9.636
9.692
9.757
9.831
9.901
9.971
10.035
10.080
10.100
10.116
10.136
10.147
10.151
10.148
10.134
10.103
10.050
9.976
9.872
9.746
9.617
9.489
9.363
9.262
9.175
9.103
9.056
9.027
9.014
9.028
9.063
9.119
9.187
9.248
9.296
9.345
9.410
9.501
9.592
9.680
9.751
9.833
9.925
10.020
10.143
10.295
10.474
10.680
10.876
11.032
11.141
11.202
11.255
11.306
11.341
11.327
11.258
11.150
11.017
10.894
10.801
10.747
10.750
10.796
10.845
10.864
10.823
10.687
10.469
10.193
9.882
9.561
9.255
8.973
8.711
8.488
8.288
8.094
7.901
7.720
7.576
7.516
7.549
7.647
7.795
7.979
8.190
8.419
8.661
8.893
9.105
9.300
9.496
9.712
9.932
10.151
10.353
10.534
10.667
10.811
11.001
11.254
11.549
11.839
12.061
12.167
12.179
12.115
11.999
11.861
11.704
11.544
11.382
11.199
10.986
10.707
10.390
10.043
9.664
9.294
8.957
8.655
8.373
8.118
7.903
7.727
7.581
7.461
7.386
7.352
7.386
7.491
7.653
7.850
8.060
8.272
8.487
8.712
8.968
9.257
9.574
9.890
10.201
10.476
10.699
10.939
11.227
11.579
11.923
12.188
12.336
12.369
12.303
12.189
12.064
11.935
11.795
11.606
11.369
11.075
10.746
10.385
10.020
9.673
9.355
9.067
8.802
8.557
8.343
8.175
8.025
7.876
7.737
7.612
7.519
7.474
7.499
7.616
7.813
8.062
8.304
8.473
8.589
8.708
8.870
9.090
9.335
9.560
9.759
9.989
10.267
10.612
10.994
11.353
11.626
11.795
11.891
11.972
12.040
12.093
12.121
12.090
12.001
11.848
11.625
11.336
10.986
10.597
10.194
9.805
9.457
9.167
8.929
8.724
8.536
8.358
8.185
8.025
7.869
7.740
7.666
7.684
7.779
7.922
8.081
8.263
8.449
8.614
8.762
8.930
9.142
9.373
9.614
9.849
10.086
10.369
10.713
11.114
11.504
11.805
12.002
12.105
12.139
12.135
12.106
12.071
12.026
11.966
11.849
11.677
11.455
11.201
10.904
10.576
10.218
9.876
9.563
9.269
8.995
8.736
8.501
8.284
8.070
7.855
7.666
7.524
7.445
7.425
7.448
7.522
7.651
7.830
7.996
8.174
8.375
8.646
8.996
9.383
9.755
10.081
10.346
10.602
10.891
11.231
11.587
11.871
12.016
12.019
11.980
11.935
11.880
11.799
11.691
11.548
11.375
11.161
10.900
10.595
10.273
9.957
9.663
9.391
9.128
8.878
8.641
8.434
8.264
8.124
8.004
7.908
7.850
7.842
7.884
7.982
8.118
8.266
8.412
8.547
8.682
8.850
9.047
9.253
9.469
9.682
9.885
10.064
10.270
10.547
10.897
11.270
11.604
11.862
12.004
12.046
12.031
11.988
11.930
11.866
11.795
11.691
11.542
11.340
11.094
10.826
10.537
10.236
9.888
9.570
9.243
8.932
8.623
8.317
8.007
7.717
7.468
7.301
7.214
7.203
7.260
7.392
7.596
7.862
8.141
8.415
8.665
8.915
9.170
9.397
9.588
9.758
9.918
10.087
10.307
10.614
10.982
11.338
11.620
11.779
11.824
11.809
11.773
11.761
11.769
11.771
11.760
11.710
11.597
11.411
11.154
10.842
10.491
10.132
9.784
9.463
9.165
8.888
8.623
8.386
8.181
8.015
7.883
7.785
7.733
7.750
7.815
7.909
8.033
8.193
8.382
8.576
8.758
8.903
9.009
9.122
9.289
9.498
9.729
10.032
10.419
10.847
11.265
11.592
11.800
11.873
11.808
11.667
11.544
11.479
11.490
11.549
11.626
11.670
11.639
11.521
11.346
11.125
10.867
10.586
10.288
9.955
9.603
9.250
8.907
8.572
8.253
7.968
7.724
7.549
7.434
7.365
7.341
7.363
7.417
7.508
7.656
7.880
8.185
8.537
8.896
9.242
9.545
9.815
10.067
10.322
10.590
10.854
11.117
11.333
11.452
11.477
11.456
11.436
11.457
11.511
11.570
11.621
11.676
11.721
11.717
11.626
11.419
11.136
10.795
10.415
10.025
9.650
9.304
8.994
8.728
8.488
8.283
8.098
7.908
7.718
7.552
7.459
7.460
7.525
7.639
7.824
8.070
8.328
8.556
8.772
8.996
9.247
9.530
9.844
10.179
10.533
10.866
11.172
11.430
11.598
11.654
11.625
11.559
11.491
11.438
11.408
11.384
11.355
11.322
11.305
11.296
11.264
11.156
10.974
10.731
10.450
10.164
9.902
9.663
9.437
9.194
8.941
8.686
8.462
8.273
8.143
8.079
8.075
8.100
8.147
8.225
8.351
8.512
8.696
8.887
9.073
9.241
9.388
9.519
9.677
9.900
10.197
10.508
10.721
10.811
10.787
10.727
10.683
10.656
10.625
10.579
10.512
10.429
10.325
10.218
10.136
10.070
10.020
9.963
9.902
9.831
9.749
9.685
9.649
9.637
9.654
9.695
9.749
9.792
9.819
9.811
9.765
9.680
9.575
9.475
9.402
9.378
9.390
9.409
9.431
9.462
9.506
9.582
9.699
9.827
9.962
10.108
10.250
10.366
10.429
10.428
10.377
10.284
10.178
10.066
9.960
9.859
9.767
9.688
9.636
9.616
9.612
9.619
9.637
9.665
9.689
9.704
9.709
9.712
9.729
9.755
9.793
9.842
9.898
9.951
9.990
10.010
10.010
9.999
9.975
9.934
9.877
9.811
9.761
9.728
9.700
9.683
9.685
9.691
9.683
9.672
9.655
9.634
9.609
9.575
9.552
9.546
9.565
9.584
9.600
9.605
9.610
9.609
9.595
9.566
9.531
9.489
9.457
9.444
9.435
9.430
9.439
9.454
9.472
9.500
9.538
9.577
9.607
9.627
9.650
9.691
9.764
9.880
9.949
9.992
9.995
9.971
9.944
9.929
9.948
10.017
10.110
10.175
10.217
10.243
10.275
10.330
10.407
10.496
10.578
10.627
10.613
10.537
10.416
10.263
10.091
9.904
9.724
9.550
9.388
9.229
9.092
8.979
8.890
8.831
8.825
8.871
8.945
9.030
9.113
9.184
9.256
9.329
9.417
9.522
9.642
9.758
9.867
9.948
10.001
10.033
10.048
10.126
10.286
10.522
10.784
11.009
11.131
11.119
11.032
10.901
10.714
10.516
10.365
10.281
10.266
10.320
10.448
10.642
10.843
10.952
10.915
10.758
10.508
10.207
9.924
9.671
9.431
9.181
8.906
8.650
8.407
8.197
8.019
7.867
7.770
7.761
7.815
7.927
8.106
8.338
8.605
8.885
9.181
9.468
9.732
9.962
10.166
10.365
10.555
10.746
10.952
11.158
11.318
11.414
11.450
11.404
11.310
11.201
11.088
11.000
10.941
10.911
10.895
10.894
10.890
10.863
10.781
10.610
10.349
10.024
9.676
9.325
9.004
8.713
8.437
8.181
7.963
7.787
7.647
7.542
7.493
7.501
7.577
7.729
7.972
8.264
8.587
8.900
9.209
9.496
9.778
10.039
10.282
10.500
10.695
10.893
11.180
11.534
11.889
12.104
12.113
11.947
11.702
11.475
11.295
11.167
11.058
10.950
10.836
10.706
10.539
10.326
10.062
9.770
9.458
9.152
8.874
8.643
8.460
8.306
8.188
8.102
8.029
7.976
7.967
8.006
8.087
8.212
8.386
8.586
8.785
8.990
9.198
9.385
9.551
9.715
9.903
10.115
10.350
10.627
10.959
11.299
11.598
11.805
11.895
11.861
11.745
11.604
11.510
11.477
11.488
11.497
11.447
11.320
11.127
10.898
10.639
10.356
10.059
9.748
9.444
9.167
8.910
8.680
8.456
8.238
8.026
7.827
7.647
7.505
7.417
7.383
7.411
7.491
7.622
7.803
8.057
8.363
8.702
9.034
9.336
9.612
9.886
10.177
10.466
10.741
10.958
11.063
11.027
10.907
10.745
10.609
10.537
10.561
10.646
10.752
10.839
10.905
10.968
11.012
11.013
10.957
10.836
10.675
10.490
10.281
10.045
9.787
9.524
9.273
9.064
8.908
8.807
8.749
8.717
8.698
8.676
8.649
8.637
8.646
8.686
8.765
8.872
8.976
9.060
9.122
9.170
9.207
9.292
9.417
9.559
9.725
9.901
10.056
10.165
10.227
10.260
10.381
10.590
10.782
10.896
10.918
10.895
10.860
10.849
10.872
10.918
10.931
10.873
10.761
10.599
10.415
10.229
10.073
9.932
9.785
9.633
9.497
9.379
9.290
9.239
9.213
9.224
9.287
9.381
9.473
9.533
9.549
9.538
9.512
9.480
9.444
9.406
9.358
9.289
9.200
9.129
9.094
9.098
9.132
9.185
9.240
9.300
9.352
9.390
9.407
9.414
9.420
9.433
9.449
9.466
9.466
9.469
9.475
9.497
9.533
9.564
9.599
9.675
9.779
9.896
10.012
10.140
10.266
10.380
10.492
10.620
10.782
10.998
11.249
11.475
11.605
11.625
11.549
11.430
11.295
11.148
11.005
10.886
10.776
10.694
10.604
10.471
10.289
10.074
9.828
9.546
9.245
8.942
8.659
8.426
8.249
8.105
7.996
7.929
7.917
8.006
8.216
8.509
8.821
9.115
9.355
9.533
9.664
9.748
9.825
9.878
9.899
9.895
9.893
9.897
9.948
10.091
10.353
10.671
10.969
11.197
11.338
11.383
11.333
11.229
11.083
10.924
10.778
10.656
10.544
10.448
10.365
10.278
10.146
9.971
9.759
9.530
9.307
9.079
8.851
8.654
8.471
8.289
8.132
7.996
7.899
7.859
7.900
8.054
8.278
8.544
8.810
9.009
9.172
9.312
9.467
9.706
9.999
10.322
10.626
10.840
10.864
10.798
10.708
10.663
10.648
10.606
10.556
10.513
10.495
10.475
10.410
10.260
10.051
9.832
9.729
9.726
9.789
9.907
10.039
10.150
10.227
10.245
10.193
10.095
9.998
9.915
9.859
9.826
9.680
9.360
9.131
9.066
9.046
9.084
9.134
9.155
9.173
9.138
8.446
8.721
8.851
8.764
8.852
8.864
9.321
8.791
8.903
8.814
9.080
9.243
9.365
9.371
9.398
9.503
9.606
9.731
9.884
10.068
10.284
10.555
10.773
10.915
10.969
10.990
10.990
10.949
10.851
10.704
10.528
10.353
10.194
10.058
9.964
9.919
9.890
9.869
9.814
9.702
9.526
9.288
9.021
8.764
8.534
8.359
8.210
8.067
7.934
7.847
7.843
7.951
8.132
8.342
8.580
8.851
9.153
9.487
9.865
10.253
10.584
10.852
11.055
11.242
11.419
11.589
11.762
11.885
11.866
11.701
11.412
11.105
10.866
10.700
10.596
10.523
10.429
10.324
10.195
10.068
9.940
9.787
9.596
9.376
9.139
8.894
8.659
8.469
8.336
8.260
8.227
8.222
8.235
8.264
8.322
8.410
8.523
8.678
8.858
9.056
9.258
9.461
9.649
9.845
10.050
10.276
10.518
10.756
10.984
11.227
11.472
11.690
11.846
11.913
11.880
11.805
11.686
11.500
11.252
10.969
10.674
10.389
10.103
9.863
9.672
9.521
9.400
9.324
9.261
9.192
9.122
9.052
8.969
8.871
8.769
8.685
8.609
8.541
8.497
8.493
8.510
8.552
8.613
8.680
8.743
8.826
8.932
9.044
9.129
9.191
9.255
9.367
9.516
9.696
9.897
10.104
10.265
10.365
10.394
10.364
10.316
10.281
10.264
10.287
10.357
10.440
10.500
10.518
10.496
10.450
10.412
10.380
10.341
10.286
10.211
10.109
9.995
9.892
9.820
9.784
9.776
9.782
9.778
9.757
9.711
9.626
9.529
9.440
9.355
9.277
9.230
9.231
9.278
9.343
9.404
9.458
9.485
9.490
9.489
9.486
9.494
9.521
9.574
9.658
9.740
9.805
9.831
9.809
9.751
9.682
9.636
9.640
9.686
9.760
9.818
9.848
9.841
9.811
9.770
9.755
9.775
9.812
9.841
9.850
9.840
9.816
9.779
9.740
9.719
9.724
9.764
9.814
9.850
9.877
9.885
9.880
9.858
9.840
9.829
9.818
9.822
9.851
9.902
9.963
10.011
10.054
10.079
10.089
10.084
10.071
10.061
10.051
10.038
10.027
10.026
10.027
10.019
9.995
9.965
9.943
9.921
9.907
9.896
9.885
9.884
9.893
9.897
9.893
9.884
9.875
9.880
9.882
9.872
9.843
9.802
9.769
9.750
9.738
9.726
9.720
9.710
9.686
9.652
9.611
9.567
9.537
9.530
9.547
9.578
9.622
9.658
9.685
9.706
9.718
9.729
9.747
9.762
9.779
9.796
9.810
9.823
9.841
9.862
9.885
9.895
9.903
9.906
9.914
9.920
9.927
9.935
9.944
9.941
9.918
9.886
9.855
9.820
9.785
9.746
9.714
9.693
9.689
9.689
9.694
9.691
9.678
9.664
9.660
9.680
9.713
9.747
9.765
9.773
9.778
9.782
9.788
9.804
9.829
9.860
9.890
9.910
9.909
9.897
9.874
9.848
9.822
9.810
9.814
9.836
9.862
9.875
9.879
9.871
9.840
9.797
9.770
9.759
9.760
9.766
9.786
9.798
9.797
9.780
9.747
9.706
9.686
9.679
9.702
9.751
9.816
9.866
9.898
9.893
9.863
9.826
9.798
9.781
9.774
9.786
9.819
9.863
9.913
9.952
9.967
9.971
9.976
9.993
10.033
10.095
10.150
10.173
10.152
10.098
10.041
9.990
9.943
9.902
9.866
9.834
9.819
9.808
9.790
9.770
9.740
9.698
9.658
9.629
9.609
9.602
9.617
9.644
9.655
9.626
9.573
9.512
9.474
9.487
9.531
9.572
9.610
9.636
9.666
9.691
9.691
9.676
9.660
9.681
9.725
9.761
9.809
9.926
9.962
9.948
9.938
9.922
9.888
9.833
9.777
9.728
9.709
9.721
9.737
9.740
9.728
9.695
9.675
9.648
9.634
9.623
9.621
9.664
9.740
9.829
9.893
9.914
9.912
9.888
9.866
9.839
9.826
9.834
9.839
9.846
9.850
9.822
9.794
9.766
9.746
9.740
9.784
9.841
9.893
9.872
9.828
9.801
9.786
9.790
9.826
9.876
9.908
9.916
9.891
9.872
9.876
9.901
9.932
9.937
9.901
9.825
9.740
9.652
9.582
9.551
9.541
9.566
9.616
9.664
9.693
9.695
9.672
9.677
9.649
9.664
9.722
9.801
9.879
9.933
9.958
9.950
9.920
9.883
9.840
9.809
9.803
9.808
9.813
9.806
9.795
9.775
9.742
9.705
9.666
9.643
9.642
9.663
9.697
9.732
9.768
9.815
9.859
9.893
9.915
9.916
9.913
9.908
9.920
9.953
9.988
10.009
10.019
10.024
10.045
10.083
10.145
10.217
10.276
10.319
10.349
10.362
10.354
10.338
10.306
10.266
10.232
10.225
10.236
10.246
10.232
10.189
10.116
10.037
9.960
9.883
9.807
9.741
9.698
9.672
9.644
9.596
9.521
9.434
9.356
9.305
9.300
9.341
9.409
9.472
9.505
9.497
9.457
9.394
9.331
9.285
9.275
9.308
9.385
9.477
9.561
9.610
9.652
9.660
9.654
9.655
9.662
9.676
9.691
9.707
9.746
9.796
9.841
9.872
9.899
9.923
9.918
9.873
9.786
9.668
9.546
9.446
9.389
9.360
9.372
9.413
9.477
9.540
9.588
9.640
9.698
9.757
9.810
9.855
9.886
9.918
9.944
9.966
9.981
10.002
10.027
10.045
10.048
10.020
9.976
9.915
9.836
9.762
9.688
9.637
9.592
9.516
9.419
9.334
9.265
9.215
9.189
9.185
9.201
9.226
9.253
9.255
9.248
9.242
9.238
9.216
9.186
9.189
9.245
9.350
9.472
9.561
9.657
9.686
9.723
9.769
9.820
9.868
9.946
10.011
10.065
10.110
10.109
10.084
10.008
9.944
9.903
9.878
9.860
9.838
9.814
9.783
9.751
9.724
9.705
9.672
9.639
9.613
9.603
9.597
9.592
9.601
9.632
9.674
9.711
9.746
9.789
9.842
9.899
9.957
10.017
10.072
10.102
10.106
10.095
10.061
10.002
9.921
9.837
9.750
9.671
9.590
9.504
9.409
9.322
9.256
9.229
9.248
9.300
9.366
9.440
9.529
9.635
9.741
9.866
10.003
10.138
10.280
10.457
10.673
10.912
11.138
11.312
11.432
11.508
11.558
11.572
11.518
11.379
11.178
10.952
10.726
10.518
10.356
10.253
10.205
10.188
10.158
10.088
9.970
9.803
9.607
9.405
9.215
9.053
8.903
8.760
8.610
8.473
8.349
8.254
8.200
8.206
8.259
8.351
8.471
8.617
8.772
8.936
9.106
9.283
9.473
9.695
9.937
10.172
10.394
10.588
10.787
11.032
11.296
11.529
11.663
11.686
11.616
11.481
11.326
11.190
11.084
11.003
10.950
10.893
10.772
10.569
10.256
9.945
9.612
9.300
9.020
8.775
8.570
8.408
8.253
8.088
7.926
7.806
7.755
7.830
8.041
8.357
8.688
8.983
9.200
9.354
9.477
9.584
9.693
9.811
9.929
10.054
10.173
10.277
10.388
10.570
10.807
11.073
11.312
11.462
11.484
11.407
11.271
11.114
10.955
10.810
10.689
10.618
10.588
10.564
10.513
10.400
10.203
9.952
9.669
9.369
9.066
8.792
8.567
8.387
8.224
8.078
7.944
7.845
7.800
7.817
7.906
8.079
8.300
8.544
8.755
8.923
9.053
9.171
9.285
9.427
9.605
9.814
10.055
10.276
10.431
10.582
10.824
11.182
11.597
11.954
12.184
12.275
12.240
12.119
11.928
11.689
11.423
11.156
10.911
10.685
10.454
10.198
9.914
9.622
9.335
9.059
8.807
8.591
8.414
8.269
8.152
8.065
8.015
8.022
8.067
8.148
8.249
8.372
8.504
8.655
8.821
8.971
9.086
9.182
9.279
9.386
9.484
9.606
9.743
9.900
10.125
10.440
10.799
11.110
11.302
11.385
11.396
11.377
11.368
11.374
11.387
11.409
11.440
11.449
11.396
11.273
11.084
10.843
10.559
10.251
9.939
9.647
9.375
9.132
8.910
8.712
8.535
8.361
8.190
8.037
7.928
7.901
7.964
8.086
8.262
8.469
8.652
8.798
8.920
9.040
9.194
9.381
9.607
9.871
10.171
10.577
11.072
11.539
11.821
11.849
11.683
11.437
11.208
11.044
10.950
10.932
10.974
11.021
11.010
10.916
10.729
10.472
10.172
9.856
9.537
9.258
9.031
8.851
8.685
8.527
8.396
8.311
8.288
8.323
8.389
8.478
8.575
8.687
8.811
8.948
9.097
9.238
9.356
9.460
9.576
9.723
9.908
10.150
10.454
10.795
11.110
11.342
11.447
11.444
11.370
11.263
11.143
11.037
10.945
10.873
10.813
10.757
10.684
10.573
10.433
10.261
10.048
9.807
9.548
9.285
9.027
8.765
8.509
8.266
8.041
7.862
7.736
7.638
7.574
7.582
7.661
7.827
8.066
8.334
8.622
8.908
9.181
9.443
9.696
9.966
10.381
10.963
11.566
11.992
12.225
12.278
12.179
12.065
11.965
11.917
11.858
11.758
11.612
11.452
11.301
11.127
10.875
10.535
10.159
9.792
9.460
9.144
8.831
8.548
8.295
8.099
7.952
7.837
7.768
7.755
7.780
7.834
7.915
8.032
8.190
8.370
8.577
8.791
9.006
9.237
9.491
9.781
10.126
10.557
11.024
11.459
11.800
12.027
12.125
12.116
12.028
11.909
11.790
11.693
11.595
11.475
11.300
11.063
10.779
10.483
10.182
9.858
9.537
9.228
8.940
8.661
8.410
8.193
8.015
7.883
7.781
7.703
7.652
7.655
7.716
7.814
7.946
8.117
8.316
8.563
8.855
9.191
9.551
9.892
10.193
10.495
10.830
11.191
11.538
11.770
11.875
11.883
11.846
11.799
11.726
11.628
11.505
11.360
11.187
10.992
10.754
10.476
10.161
9.813
9.459
9.129
8.837
8.596
8.396
8.241
8.141
8.068
7.990
7.926
7.880
7.880
7.941
8.067
8.256
8.445
8.633
8.857
9.130
9.445
9.780
10.101
10.382
10.668
10.997
11.359
11.682
11.893
11.964
11.920
11.816
11.708
11.607
11.506
11.409
11.321
11.215
11.059
10.854
10.613
10.353
10.074
9.821
9.572
9.282
9.013
8.781
8.589
8.421
8.271
8.138
8.023
7.938
7.886
7.865
7.879
7.927
8.025
8.195
8.435
8.715
9.040
9.389
9.728
10.015
10.245
10.526
10.879
11.268
11.601
11.741
11.687
11.511
11.309
11.136
11.022
10.944
10.882
10.828
10.792
10.743
10.648
10.481
10.233
9.937
9.622
9.303
9.023
8.763
8.557
8.390
8.274
8.196
8.125
8.053
7.997
7.968
7.982
8.049
8.179
8.358
8.587
8.839
9.102
9.355
9.614
9.873
10.115
10.392
10.750
11.191
11.634
12.012
12.157
12.092
11.895
11.644
11.371
11.137
10.979
10.874
10.833
10.785
10.736
10.676
10.578
10.417
10.193
9.913
9.608
9.294
9.006
8.762
8.559
8.397
8.270
8.183
8.145
8.160
8.215
8.289
8.384
8.510
8.676
8.876
9.095
9.302
9.472
9.609
9.716
9.807
9.965
10.240
10.620
11.031
11.322
11.444
11.455
11.434
11.411
11.391
11.345
11.275
11.185
11.082
10.944
10.766
10.535
10.251
9.934
9.572
9.188
8.828
8.527
8.297
8.122
7.993
7.911
7.887
7.860
7.830
7.842
7.925
8.114
8.383
8.654
8.876
9.085
9.327
9.586
9.841
10.073
10.275
10.472
10.688
10.962
11.257
11.510
11.617
11.565
11.415
11.259
11.133
11.047
10.999
10.989
11.008
11.018
10.937
10.804
10.615
10.386
10.123
9.836
9.537
9.243
8.972
8.723
8.492
8.309
8.187
8.124
8.112
8.144
8.195
8.255
8.326
8.411
8.527
8.666
8.834
9.049
9.290
9.368
9.706
10.050
10.483
10.888
11.222
11.466
11.548
11.442
11.239
11.011
10.882
10.868
10.901
10.937
10.974
10.997
10.966
10.862
10.668
10.408
10.107
9.792
9.499
9.245
9.032
8.853
8.706
8.572
8.439
8.325
8.229
8.169
8.163
8.205
8.292
8.395
8.508
8.650
8.836
9.043
9.266
9.484
9.737
10.059
10.454
10.881
11.255
11.515
11.623
11.605
11.490
11.327
11.159
10.992
10.853
10.773
10.774
10.849
10.969
11.073
11.103
11.017
10.834
10.578
10.264
9.935
9.600
9.269
8.962
8.691
8.473
8.297
8.140
8.021
7.943
7.901
7.915
7.999
8.140
8.320
8.514
8.704
8.882
9.045
9.194
9.375
9.589
9.802
9.984
10.176
10.421
10.735
11.054
11.268
11.304
11.214
11.068
10.948
10.897
10.914
11.001
11.135
11.279
11.380
11.403
11.306
11.108
10.819
10.476
10.109
9.748
9.417
9.131
8.896
8.695
8.516
8.373
8.286
8.256
8.286
8.371
8.491
8.614
8.716
8.824
8.947
9.084
9.224
9.365
9.502
9.598
9.659
9.709
9.740
9.809
9.881
9.895
9.877
9.927
10.056
10.275
10.546
10.796
11.014
11.067
11.006
10.846
10.623
10.392
10.210
10.102
10.079
10.122
10.203
10.268
10.291
10.251
10.158
10.062
10.029
10.087
10.215
10.352
10.453
10.454
10.385
10.306
10.194
10.061
9.953
9.869
9.773
9.659
9.563
9.477
9.396
9.334
9.317
9.348
9.420
9.495
9.559
9.602
9.621
9.614
9.601
9.585
9.563
9.528
9.494
9.471
9.445
9.419
9.384
9.351
9.324
9.299
9.283
9.285
9.321
9.371
9.422
9.471
9.514
9.559
9.606
9.654
9.698
9.735
9.774
9.791
9.785
9.755
9.714
9.680
9.675
9.703
9.756
9.820
9.887
9.931
9.959
9.973
10.018
10.070
10.126
10.171
10.183
10.166
10.131
10.103
10.070
10.033
10.026
10.057
10.127
10.219
10.322
10.417
10.474
10.481
10.457
10.409
10.328
10.204
10.051
9.879
9.687
9.477
9.267
9.068
8.879
8.710
8.561
8.436
8.360
8.354
8.406
8.514
8.671
8.856
9.034
9.203
9.348
9.472
9.596
9.734
9.868
9.992
10.118
10.284
10.530
10.849
11.155
11.382
11.542
11.635
11.705
11.726
11.680
11.566
11.411
11.223
11.051
10.882
10.742
10.622
10.504
10.409
10.292
10.149
9.964
9.767
9.541
9.311
9.081
8.861
8.663
8.495
8.376
8.297
8.247
8.215
8.183
8.156
8.182
8.266
8.405
8.591
8.797
9.005
9.207
9.402
9.597
9.688
9.926
10.270
10.635
11.045
11.390
11.696
11.898
11.948
11.832
11.626
11.362
11.060
10.818
10.645
10.524
10.449
10.426
10.425
10.381
10.270
10.058
9.783
9.478
9.169
8.876
8.608
8.378
8.174
8.011
7.875
7.771
7.679
7.619
7.601
7.652
7.754
7.918
8.145
8.423
8.713
9.002
9.285
9.553
9.789
9.991
10.179
10.365
10.564
10.795
11.095
11.451
11.785
11.982
11.975
11.813
11.559
11.261
10.994
10.783
10.663
10.658
10.723
10.770
10.734
10.632
10.468
10.271
10.066
9.865
9.660
9.456
9.234
9.007
8.786
8.579
8.367
8.225
8.111
8.039
8.027
8.051
8.126
8.265
8.452
8.645
8.835
9.049
9.306
9.563
9.787
10.032
10.315
10.692
11.158
11.631
11.937
12.023
11.927
11.736
11.512
11.297
11.108
10.972
10.871
10.786
10.701
10.618
10.501
10.343
10.093
9.848
9.575
9.289
9.013
8.763
8.546
8.363
8.214
8.093
7.993
7.935
7.912
7.913
7.929
7.979
8.072
8.215
8.416
8.671
8.960
9.266
9.544
9.805
10.053
10.265
10.468
10.701
10.981
11.302
11.617
11.850
11.940
11.903
11.807
11.663
11.483
11.296
11.147
11.008
10.858
10.678
10.450
10.187
9.925
9.660
9.409
9.166
8.948
8.766
8.618
8.505
8.407
8.316
8.228
8.144
8.079
8.039
8.042
8.100
8.201
8.356
8.544
8.753
8.984
9.241
9.509
9.767
10.010
10.235
10.517
10.906
11.330
11.697
11.872
11.843
11.695
11.537
11.399
11.284
11.197
11.104
11.021
10.948
10.865
10.763
10.636
10.456
10.269
10.059
9.817
9.549
9.265
9.014
8.779
8.572
8.390
8.242
8.126
8.027
7.976
7.993
8.087
8.242
8.429
8.624
8.813
9.010
9.211
9.444
9.706
9.971
10.200
10.424
10.651
10.883
11.096
11.247
11.315
11.263
11.141
11.021
10.925
10.863
10.806
10.785
10.814
10.853
10.834
10.732
10.544
10.299
10.012
9.697
9.378
9.083
8.816
8.588
8.396
8.229
8.079
7.970
7.923
7.943
8.014
8.109
8.221
8.361
8.541
8.757
9.002
9.258
9.514
9.759
9.969
10.163
10.366
10.609
10.885
11.172
11.382
11.460
11.419
11.317
11.222
11.152
11.105
11.085
11.095
11.116
11.076
10.973
10.825
10.630
10.358
10.084
9.781
9.482
9.193
8.933
8.715
8.525
8.372
8.259
8.177
8.126
8.135
8.199
8.309
8.469
8.675
8.906
9.151
9.358
9.476
9.530
9.606
9.657
9.734
9.877
10.135
10.491
10.824
11.058
11.150
11.130
11.067
11.015
10.985
10.999
11.053
11.107
11.099
11.039
10.913
10.737
10.541
10.326
10.097
9.849
9.575
9.299
9.050
8.825
8.614
8.419
8.257
8.129
8.036
8.001
8.010
8.052
8.132
8.266
8.462
8.714
8.984
9.272
9.549
9.804
10.061
10.371
10.744
11.152
11.470
11.598
11.548
11.391
11.214
11.075
10.984
10.949
10.919
10.913
10.893
10.862
10.790
10.652
10.448
10.198
9.926
9.647
9.379
9.121
8.887
8.683
8.495
8.333
8.210
8.141
8.121
8.154
8.232
8.359
8.503
8.659
8.831
9.041
9.246
9.410
9.572
9.743
9.910
10.098
10.348
10.650
10.952
11.192
11.327
11.330
11.211
11.058
10.917
10.797
10.734
10.722
10.745
10.771
10.773
10.719
10.594
10.437
10.228
10.001
9.711
9.466
9.198
8.975
8.785
8.637
8.536
8.467
8.419
8.392
8.386
8.397
8.416
8.450
8.493
8.544
8.616
8.712
8.831
8.991
9.109
9.412
9.867
10.416
10.898
11.197
11.261
11.147
10.956
10.799
10.721
10.726
10.787
10.888
11.034
11.209
11.360
11.381
11.259
11.089
10.839
10.537
10.216
9.906
9.621
9.376
9.165
8.984
8.829
8.693
8.578
8.501
8.453
8.421
8.411
8.455
8.538
8.661
8.821
8.977
9.136
9.274
9.436
9.629
9.841
10.075
10.358
10.680
10.990
11.220
11.292
11.217
11.057
10.863
10.676
10.531
10.464
10.457
10.488
10.541
10.555
10.511
10.402
10.266
10.138
10.031
9.938
9.850
9.754
9.622
9.453
9.264
9.074
8.905
8.765
8.663
8.594
8.545
8.533
8.548
8.585
8.635
8.685
8.759
8.878
9.071
9.335
9.625
9.887
10.102
10.265
10.496
10.754
10.999
11.097
11.075
10.995
10.881
10.784
10.744
10.744
10.814
10.968
11.129
11.220
11.220
11.091
10.844
10.514
10.153
9.784
9.468
9.240
9.125
9.044
8.992
8.925
8.824
8.713
8.604
8.525
8.498
8.516
8.572
8.650
8.771
8.925
9.100
9.280
9.466
9.642
9.813
10.009
10.245
10.542
10.852
11.103
11.259
11.308
11.246
11.123
11.009
10.947
10.923
10.921
10.921
10.884
10.801
10.697
10.564
10.396
10.201
10.001
9.806
9.604
9.375
9.133
8.914
8.719
8.544
8.390
8.254
8.134
8.038
7.978
7.967
8.009
8.104
8.242
8.407
8.596
8.809
9.083
9.408
9.727
10.000
10.267
10.547
10.818
11.042
11.167
11.186
11.120
11.020
10.935
10.891
10.881
10.872
10.892
10.940
10.990
10.995
10.928
10.785
10.578
10.303
9.985
9.662
9.357
9.078
8.833
8.632
8.454
8.290
8.151
8.081
8.079
8.128
8.209
8.314
8.444
8.600
8.777
8.963
9.135
9.283
9.442
9.615
9.802
10.032
10.349
10.735
11.140
11.475
11.621
11.635
11.535
11.387
11.259
11.186
11.150
11.148
11.156
11.160
11.125
11.047
10.916
10.721
10.472
10.180
9.856
9.523
9.201
8.918
8.664
8.427
8.197
7.989
7.803
7.674
7.639
7.708
7.844
8.005
8.166
8.324
8.498
8.710
8.970
9.277
9.598
9.902
10.203
10.574
10.984
11.408
11.674
11.781
11.708
11.550
11.339
11.095
10.948
10.864
10.855
10.889
10.977
11.014
11.012
10.911
10.717
10.444
10.112
9.757
9.388
9.050
8.767
8.543
8.365
8.252
8.173
8.111
8.062
8.002
7.989
8.004
8.066
8.222
8.442
8.686
8.927
9.155
9.367
9.538
9.663
9.744
9.779
9.790
9.841
9.927
10.026
10.188
10.405
10.615
10.784
10.857
10.843
10.772
10.680
10.590
10.530
10.522
10.552
10.591
10.590
10.543
10.466
10.395
10.323
10.364
10.333
10.296
10.233
10.132
10.001
9.868
9.728
9.632
9.579
9.559
9.560
9.595
9.638
9.684
9.714
9.707
9.676
9.609
9.495
9.425
9.401
9.415
9.453
9.510
9.569
9.639
9.701
9.751
9.763
9.741
9.694
9.653
9.622
9.596
9.591
9.627
9.698
9.780
9.862
9.948
10.018
10.055
10.064
10.070
10.072
10.084
10.091
10.109
10.139
10.177
10.216
10.257
10.298
10.332
10.371
10.427
10.514
10.635
10.754
10.837
10.887
10.910
10.909
10.893
10.877
10.863
10.861
10.861
10.843
10.798
10.721
10.609
10.471
10.336
10.205
10.088
9.979
9.879
9.797
9.724
9.646
9.572
9.515
9.485
9.469
9.451
9.416
9.375
9.340
9.319
9.285
9.253
9.219
9.186
9.176
9.194
9.259
9.323
9.385
9.431
9.455
9.451
9.411
9.328
9.199
9.078
8.977
8.900
8.859
8.818
8.804
8.794
8.768
8.742
8.707
8.676
8.665
8.662
8.663
8.684
8.724
8.777
8.829
8.856
8.866
8.876
8.891
8.922
8.964
9.024
9.106
9.189
9.260
9.334
9.412
9.499
9.597
9.687
9.766
9.812
9.802
9.765
9.719
9.683
9.676
9.685
9.730
9.814
9.927
10.055
10.185
10.292
10.361
10.399
10.414
10.413
10.408
10.410
10.390
10.350
10.278
10.197
10.133
10.101
10.083
10.074
10.028
9.961
9.903
9.851
9.799
9.746
9.691
9.633
9.578
9.532
9.504
9.489
9.460
9.425
9.405
9.393
9.367
9.336
9.308
9.297
9.295
9.309
9.339
9.369
9.397
9.427
9.436
9.445
9.489
9.564
9.661
9.771
9.855
9.896
9.891
9.851
9.788
9.724
9.686
9.703
9.765
9.842
9.901
9.934
9.937
9.944
9.940
9.916
9.885
9.858
9.854
9.855
9.867
9.893
9.925
9.965
10.011
10.051
10.082
10.103
10.116
10.142
10.157
10.147
10.111
10.067
10.042
10.037
10.064
10.095
10.118
10.123
10.116
10.101
10.069
10.036
10.002
9.972
9.959
9.965
9.978
9.987
9.982
9.963
9.948
9.941
9.929
9.913
9.893
9.877
9.872
9.879
9.892
9.911
9.937
9.947
9.937
9.908
9.870
9.841
9.813
9.802
9.808
9.822
9.847
9.870
9.886
9.890
9.888
9.881
9.884
9.902
9.919
9.933
9.946
9.950
9.952
9.946
9.937
9.918
9.895
9.884
9.878
9.880
9.878
9.872
9.861
9.837
9.807
9.785
9.767
9.750
9.741
9.740
9.749
9.764
9.785
9.796
9.801
9.800
9.794
9.790
9.784
9.782
9.771
9.767
9.766
9.784
9.816
9.847
9.872
9.882
9.884
9.877
9.864
9.863
9.869
9.887
9.906
9.924
9.928
9.918
9.901
9.883
9.862
9.842
9.825
9.820
9.818
9.816
9.803
9.780
9.751
9.722
9.696
9.673
9.644
9.627
9.619
9.622
9.638
9.657
9.673
9.692
9.710
9.733
9.756
9.776
9.793
9.802
9.812
9.832
9.854
9.876
9.889
9.900
9.913
9.933
9.949
9.963
9.965
9.956
9.940
9.925
9.910
9.890
9.870
9.855
9.848
9.856
9.864
9.873
9.884
9.900
9.925
9.951
9.974
9.994
10.028
10.070
10.102
10.121
10.137
10.144
10.145
10.144
10.140
10.133
10.127
10.113
10.074
10.010
9.922
9.839
9.776
9.739
9.725
9.733
9.749
9.752
9.723
9.667
9.580
9.496
9.429
9.379
9.342
9.326
9.309
9.287
9.258
9.242
9.243
9.264
9.307
9.366
9.432
9.504
9.577
9.651
9.716
9.751
9.747
9.711
9.674
9.654
9.659
9.685
9.730
9.795
9.851
9.888
9.903
9.902
9.890
9.874
9.872
9.887
9.910
9.947
10.000
10.052
10.097
10.134
10.174
10.212
10.236
10.255
10.270
10.279
10.282
10.273
10.262
10.250
10.222
10.192
10.171
10.156
10.141
10.120
10.079
10.034
9.992
9.955
9.928
9.915
9.911
9.911
9.907
9.918
9.930
9.932
9.919
9.894
9.868
9.858
9.853
9.843
9.818
9.779
9.726
9.668
9.605
9.537
9.466
9.405
9.344
9.286
9.242
9.201
9.165
9.140
9.123
9.145
9.187
9.236
9.277
9.311
9.333
9.358
9.372
9.388
9.407
9.432
9.456
9.475
9.486
9.488
9.471
9.436
9.390
9.345
9.298
9.247
9.188
9.141
9.111
9.098
9.078
9.067
9.076
9.093
9.126
9.162
9.198
9.248
9.318
9.408
9.510
9.588
9.630
9.633
9.617
9.587
9.557
9.565
9.623
9.726
9.889
10.066
10.214
10.311
10.346
10.325
10.254
10.145
10.028
9.928
9.861
9.849
9.882
9.916
9.940
9.959
9.956
9.946
9.903
9.839
9.786
9.736
9.730
9.788
9.868
9.948
9.991
9.974
9.895
9.806
9.772
9.808
9.860
9.905
10.085
10.325
10.550
10.703
10.768
10.734
10.573
10.337
10.076
9.842
9.675
9.585
9.544
9.559
9.652
9.809
9.968
10.107
10.188
10.204
10.175
10.130
10.070
9.994
9.928
9.879
9.858
9.836
9.753
9.691
9.664
9.655
9.647
9.640
9.701
9.766
9.831
9.859
9.852
9.830
9.803
9.789
9.786
9.812
9.855
9.914
9.963
9.971
9.942
9.868
9.767
9.660
9.572
9.535
9.548
9.612
9.690
9.753
9.790
9.811
9.796
9.787
9.777
9.779
9.794
9.799
9.812
9.830
9.843
9.845
9.829
9.802
9.774
9.740
9.729
9.749
9.798
9.842
9.868
9.857
9.828
9.803
9.797
9.821
9.853
9.865
9.849
9.813
9.782
9.772
9.771
9.791
9.828
9.867
9.922
9.970
9.966
9.936
9.906
9.888
9.886
9.886
9.916
9.965
9.976
9.970
9.958
9.940
9.916
9.905
9.904
9.892
9.860
9.822
9.935
9.928
9.905
9.888
9.886
9.874
9.839
9.838
9.803
9.783
9.812
9.807
9.805
9.811
9.828
9.835
9.822
9.816
9.801
9.734
9.611
9.493
9.362
9.507
9.612
9.666
9.704
9.837
9.848
9.843
9.845
9.826
9.811
9.781
9.755
9.743
9.734
9.708
9.670
9.633
9.619
9.640
9.721
9.938
10.012
9.969
9.902
9.875
9.874
9.884
9.885
9.863
9.858
9.852
9.849
9.849
9.848
9.852
9.827
9.767
9.685
9.667
9.684
9.704
9.705
9.787
9.874
9.930
9.939
9.895
9.881
9.867
9.875
9.878
9.873
9.864
9.888
9.883
9.851
9.833
9.837
9.843
9.842
9.856
9.847
9.836
9.823
9.817
9.818
9.829
9.828
9.833
9.827
9.820
9.813
9.815
9.813
9.804
9.802
9.804
9.798
9.792
9.796
9.807
9.802
9.806
9.815
9.826
9.834
9.834
9.828
9.826
9.836
9.837
9.833
9.833
9.833
9.835
9.829
9.821
9.821
9.813
9.806
9.795
9.791
9.791
9.794
9.803
9.795
9.778
9.765
9.744
9.726
9.700
9.664
9.609
9.547
9.430
9.415
10.043
8.849
8.925
9.023
9.119
9.254
9.268
9.303
9.393
9.407
9.448
9.448
9.481
9.530
9.571
9.591
9.600
9.618
9.638
9.658
9.669
9.680
9.689
9.696
9.701
9.710
9.723
9.727
9.732
9.737
9.740
9.744
9.750
9.754
9.759
9.762
9.766
9.768
9.771
9.776
9.779
9.774
9.776
9.779
9.781
9.781
9.778
9.779
9.777
9.777
9.784
9.784
9.784
9.779
9.780
9.776
9.778
9.778
9.760
9.771
9.785
9.789
9.778
9.768
9.765
9.771
9.781
9.787
9.788
9.786
9.781
9.783
9.784
9.781
9.783
9.784
9.783
9.784
9.782
9.783
9.783
9.785
9.785
9.784
9.782
9.782
9.786
9.784
9.784
9.785
9.783
9.787
9.787
9.789
9.786
9.785
9.789
9.793
9.797
9.793
9.791
9.785
9.790
9.793
9.791
9.792
9.790
9.795
9.794
9.791
9.791
9.788
9.789
9.785
9.784
9.786
9.784
9.785
9.786
9.789
9.790
9.790
9.792
9.788
9.783
9.780
9.781
9.785
9.789
9.791
9.790
9.785
9.789
9.793
9.790
9.790
9.789
9.786
9.787
9.785
9.786
9.783
9.786
9.787
9.795
9.794
9.792
9.791
9.794
9.795
9.796
9.795
9.793
9.791
9.792
9.790
9.792
9.794
9.795
9.790
9.786
9.786
9.788
9.789
9.793
9.790
9.791
9.785
9.783
9.780
9.776
9.776
9.782
9.790
9.796
9.796
9.794
9.789
9.785
9.777
9.781
9.790
9.795
9.802
9.799
9.790
9.786
9.786
9.789
9.792
9.796
9.794
9.792
9.793
9.793
9.790
9.792
9.791
9.797
9.797
9.794
9.796
9.794
9.792
9.793
9.794
9.791
9.780
9.787
9.789
9.791
9.787
9.784
9.782
9.785
9.791
9.790
9.791
9.788
9.787
9.791
9.789
9.789
9.791
9.783
9.781
9.785
9.786
9.789
9.790
9.788
9.788
9.789
9.792
9.794
9.794
9.790
9.789
9.791
9.787
9.788
9.789
9.787
9.786
9.783
9.781
9.785
9.782
9.779
9.778
9.779
9.784
9.786
9.791
9.792
9.789
9.790
9.789
9.788
9.787
9.784
9.780
9.785
9.788
9.789
9.784
9.784
9.786
9.785
9.787
9.788
9.786
9.788
9.789
9.791
9.791
9.791
9.797
9.797
9.798
9.799
9.796
9.796
9.796
9.799
9.798
9.797
9.795
9.792
9.793
9.798
9.802
9.800
9.798
9.793
9.794
9.799
9.802
9.803
9.802
9.801
9.795
9.795
9.795
9.792
9.792
9.791
9.791
9.793
9.791
9.790
9.788
9.789
9.789
9.789
9.788
9.789
9.788
9.786
9.788
9.790
9.791
9.793
9.794
9.788
9.785
9.789
9.789
9.789
9.781
9.782
9.788
9.791
9.787
9.786
9.788
9.790
9.793
9.798
9.794
9.794
9.791
9.789
9.792
9.791
9.792
9.791
9.786
9.786
9.785
9.785
9.784
9.788
9.792
9.791
9.791
9.795
9.796
9.793
9.795
9.799
9.796
9.794
9.796
9.799
9.795
9.774
9.693
9.780
9.897
9.934
9.824
9.737
9.747
9.789
9.807
9.800
9.788
9.791
9.800
9.798
9.780
9.769
9.783
9.813
9.809
9.785
9.772
9.786
9.795
9.791
9.780
9.775
9.779
9.784
9.785
9.783
9.780
9.782
9.785
9.784
9.823
9.775
9.783
9.783
9.813
9.787
9.770
9.771
9.775
9.783
9.787
9.781
9.782
9.779
9.781
9.783
9.782
9.784
9.786
9.788
9.788
9.785
9.782
9.781
9.775
9.781
9.784
9.785
9.779
9.783
9.784
9.786
9.784
9.788
9.789
9.786
9.785
9.781
9.782
9.784
9.781
9.787
9.785
9.786
9.788
9.788
9.790
9.792
9.788
9.795
9.792
9.763
9.785
9.786
9.791
9.786
9.790
9.793
9.792
9.787
9.781
9.779
9.784
9.789
9.785
9.782
9.780
9.778
9.768
9.768
9.773
9.782
9.786
9.784
9.782
9.781
9.787
9.789
9.790
9.791
9.792
9.797
9.796
9.788
9.786
9.790
9.793
9.796
9.791
9.794
9.802
9.800
9.801
9.801
9.798
9.797
9.795
9.787
9.784
9.785
9.782
9.776
9.776
9.780
9.790
9.799
9.799
9.807
9.809
9.802
9.790
9.796
9.805
9.807
9.802
9.796
9.796
9.798
9.797
9.795
9.792
9.785
9.787
9.797
9.799
9.792
9.790
9.794
9.794
9.784
9.760
9.739
9.747
9.810
9.854
9.837
9.798
9.778
9.779
9.789
9.793
9.796
9.800
9.803
9.806
9.799
9.791
9.788
9.790
9.786
9.781
9.781
9.787
9.792
9.787
9.789
9.789
9.791
9.788
9.785
9.777
9.779
9.784
9.789
9.787
9.780
9.776
9.781
9.780
9.782
9.778
9.781
9.790
9.798
9.791
9.783
9.783
9.792
9.800
9.804
9.798
9.790
9.797
9.803
9.805
9.803
9.797
9.792
9.795
9.797
9.794
9.794
9.797
9.796
9.791
9.792
9.792
9.792
9.795
9.797
9.796
9.793
9.791
9.792
9.786
9.780
9.782
9.788
9.787
9.787
9.784
9.787
9.787
9.790
9.790
9.788
9.787
9.792
9.797
9.795
9.793
9.786
9.794
9.792
9.790
9.791
9.785
9.789
9.797
9.798
9.787
9.790
9.772
9.776
9.809
9.814
9.806
9.796
9.789
9.797
9.792
9.797
9.795
9.795
9.792
9.795
9.797
9.797
9.791
9.793
9.794
9.789
9.783
9.787
9.790
9.792
9.791
9.791
9.787
9.791
9.789
9.789
9.782
9.782
9.788
9.801
9.803
9.803
9.796
9.798
9.799
9.797
9.795
9.796
9.789
9.785
9.788
9.793
9.790
9.790
9.788
9.790
9.790
9.798
9.795
9.797
9.798
9.795
9.788
9.787
9.785
9.792
9.801
9.795
9.792
9.790
9.791
9.801
9.817
9.835
9.767
9.828
9.851
9.795
9.790
9.803
9.817
9.811
9.806
9.805
9.825
9.817
9.815
9.804
9.819
9.806
9.800
9.789
9.813
9.817
9.806
9.819
9.818
9.812
9.810
9.808
9.804
9.803
9.810
9.808
9.798
9.795
9.802
9.803
9.791
9.787
9.793
9.796
9.788
9.788
9.797
9.795
9.794
9.798
9.798
9.792
9.789
9.791
9.789
9.788
9.790
9.795
9.791
9.793
9.791
9.786
9.790
9.796
9.790
9.782
9.783
9.797
9.802
9.802
9.763
9.802
9.818
9.790
9.783
9.791
9.801
9.791
9.787
9.799
9.795
9.791
9.789
9.791
9.789
9.783
9.782
9.791
9.793
9.797
9.795
9.792
9.793
9.798
9.791
9.791
9.805
9.809
9.803
9.792
9.791
9.796
9.803
9.790
9.784
9.791
9.794
9.802
9.805
9.785
9.767
9.782
9.804
9.800
9.793
9.797
9.779
9.773
9.790
9.792
9.780
9.800
9.786
9.778
9.793
9.798
9.787
9.782
9.776
9.767
9.767
9.765
