0.000
0.013
0.012
-0.026
-0.015
-0.049
-0.028
-0.031
-0.027
-0.034
-0.045
-0.015
-0.034
-0.043
-0.039
-0.025
-0.044
-0.058
-0.036
-0.047
-0.042
-0.075
-0.063
-0.056
-0.058
-0.051
-0.056
-0.046
-0.083
-0.052
-0.062
-0.046
-0.049
-0.046
-0.063
-0.072
-0.066
-0.051
-0.061
-0.049
-0.046
-0.065
-0.073
-0.056
-0.054
-0.054
-0.053
-0.064
-0.077
-0.071
-0.054
-0.036
-0.060
-0.046
-0.045
-0.051
-0.061
-0.052
-0.055
-0.045
-0.047
-0.046
-0.053
-0.035
-0.033
-0.054
-0.047
-0.064
-0.051
-0.051
-0.045
-0.063
-0.080
-0.046
-0.039
-0.054
-0.065
-0.057
-0.044
-0.049
-0.041
-0.055
-0.033
-0.025
-0.051
-0.039
-0.058
-0.052
-0.045
-0.041
-0.036
-0.024
-0.024
-0.045
-0.023
-0.025
-0.036
-0.025
-0.053
-0.053
-0.044
-0.054
-0.031
-0.037
-0.048
-0.041
-0.025
-0.038
-0.043
-0.022
-0.035
-0.027
-0.015
-0.038
-0.035
-0.038
-0.029
-0.016
-0.034
-0.036
-0.026
-0.034
-0.018
-0.023
-0.033
-0.023
-0.019
-0.022
-0.031
-0.036
0.003
-0.027
-0.038
-0.052
-0.030
-0.020
-0.036
-0.017
-0.002
-0.033
-0.056
-0.053
0.017
0.021
0.003
-0.023
-0.014
-0.009
0.019
-0.044
-0.026
-0.035
-0.042
-0.005
-0.003
-0.011
-0.017
-0.023
-0.026
-0.005
-0.025
-0.012
-0.003
-0.032
-0.032
-0.014
0.004
0.002
0.000
-0.011
-0.003
-0.007
-0.003
-0.016
-0.017
-0.012
-0.019
-0.005
-0.006
-0.002
-0.013
-0.014
-0.015
-0.025
-0.001
-0.024
0.008
0.014
-0.011
-0.017
0.012
-0.042
-0.026
0.087
0.078
0.092
-0.178
-0.272
0.187
0.611
0.941
0.575
0.232
-0.411
-0.397
0.527
1.020
0.430
-1.131
-1.499
-0.405
-0.345
-0.427
-0.437
-0.216
0.039
0.322
0.448
0.629
0.459
0.033
-0.039
0.042
0.183
0.467
-0.407
-0.368
-0.646
-0.490
-0.866
-0.093
0.150
0.203
-0.192
0.212
-0.142
0.036
-0.044
0.026
-0.067
0.015
-0.057
-0.057
-0.113
0.044
0.066
0.086
0.062
0.085
0.195
0.314
0.428
0.189
0.173
0.258
0.213
0.267
0.225
0.138
0.050
-0.061
-0.066
-0.008
0.005
-0.030
0.049
0.072
0.076
0.279
0.312
0.514
1.066
1.028
0.974
0.496
0.244
-0.236
-0.513
-0.709
-0.850
-0.987
-1.221
-1.359
-1.166
-1.276
-1.007
-1.058
-0.999
-1.030
-1.096
0.041
-0.112
0.133
-0.053
0.042
-0.026
0.023
-0.013
0.035
-0.004
0.025
0.020
0.008
0.028
0.006
0.014
0.016
0.007
0.012
0.014
0.014
0.019
-0.007
0.006
0.026
0.007
-0.005
0.020
0.027
0.005
0.004
0.031
0.006
-0.002
0.015
0.005
0.002
-0.005
0.026
0.028
0.002
-0.010
0.006
0.016
-0.000
0.008
0.006
0.003
0.014
0.015
0.012
0.006
0.007
0.012
-0.011
-0.005
-0.018
0.012
0.024
0.012
0.003
0.005
0.011
0.008
0.020
0.021
0.017
-0.000
0.011
-0.005
0.010
0.012
0.023
0.023
0.014
-0.001
0.006
-0.000
0.010
0.008
-0.002
0.003
0.033
0.024
-0.001
0.008
-0.014
0.004
0.002
0.026
-0.002
0.000
0.016
0.020
-0.005
0.009
-0.007
-0.016
0.009
0.007
0.021
0.010
-0.019
-0.010
0.007
-0.006
-0.020
0.054
-0.042
0.000
0.017
0.011
0.007
0.042
-0.197
0.085
-0.309
0.042
0.095
0.073
0.072
0.035
0.015
0.012
0.070
-0.035
0.009
0.010
0.046
0.039
0.032
0.061
-0.094
0.035
-0.067
-0.014
0.009
-0.054
-0.021
0.025
-0.081
-0.004
0.053
0.051
-0.003
0.011
0.009
0.001
0.001
-0.014
0.007
-0.015
0.018
-0.009
-0.008
0.007
-0.005
-0.004
-0.001
-0.003
0.034
-0.037
-0.030
-0.008
0.049
-0.028
0.037
-0.025
-0.001
-0.003
-0.005
-0.004
0.004
-0.003
-0.000
-0.015
0.003
-0.019
0.003
0.013
0.023
-0.010
0.012
-0.004
-0.015
-0.008
0.011
-0.005
-0.004
-0.018
-0.003
-0.035
0.025
-0.004
0.014
-0.001
0.011
0.104
0.162
0.417
-0.114
0.169
-0.012
-0.048
-0.020
0.114
0.067
-0.099
-0.149
-0.468
-0.111
-0.165
-0.057
-0.045
0.185
0.045
0.102
0.658
0.273
0.148
-0.119
-0.277
-0.088
-0.220
-0.169
-0.062
-0.045
0.218
0.049
-0.112
-0.227
-0.145
-0.088
-0.253
-0.057
-0.312
-0.286
-0.307
-0.268
-0.093
-0.148
0.057
-0.005
0.069
-0.230
-0.269
-0.065
0.217
0.384
0.838
1.147
0.274
-0.064
-0.330
-0.269
-0.056
-0.372
0.159
0.046
0.435
0.113
0.177
0.126
-0.067
0.018
-0.037
0.091
-0.005
-0.114
-0.380
-0.077
-0.050
0.241
0.168
0.259
0.153
0.084
-0.158
-0.012
-0.464
-0.195
-0.201
-0.035
0.010
0.080
0.232
0.090
0.057
-0.038
-0.058
-0.083
-0.067
-0.038
-0.067
-0.015
0.011
0.014
0.231
0.183
0.189
0.100
-0.065
-0.058
-0.028
-0.068
-0.073
-0.206
-0.251
-0.278
-0.291
-0.253
-0.234
-0.235
-0.222
-0.188
-0.140
0.119
0.033
0.019
0.071
0.021
0.053
0.032
0.058
0.021
0.043
0.020
0.048
0.041
0.053
0.045
0.017
0.033
0.021
0.018
0.041
0.022
0.040
0.028
0.032
0.031
0.042
0.014
0.035
0.027
0.038
0.028
0.049
0.013
0.016
0.055
0.030
0.032
0.030
0.020
0.028
0.037
0.011
0.032
0.034
0.013
0.012
0.024
0.018
0.028
0.015
0.027
0.045
0.016
0.030
0.041
0.022
0.012
0.016
0.016
0.004
0.011
0.016
0.002
0.025
0.013
0.001
0.033
0.023
0.002
0.023
-0.004
0.022
0.003
0.008
0.010
0.021
0.017
0.000
0.028
0.014
0.011
0.002
0.015
0.011
0.024
0.029
0.001
0.024
0.007
0.012
0.023
0.031
0.039
0.055
0.047
0.012
-0.005
-0.040
-0.022
0.028
0.013
0.081
0.066
-0.019
-0.031
-0.059
-0.019
-0.011
0.006
0.016
0.025
0.011
-0.004
0.007
0.013
0.031
0.005
-0.057
0.011
-0.020
0.018
-0.000
0.001
-0.009
0.021
0.009
-0.015
0.012
0.012
0.005
0.022
0.004
-0.020
0.003
0.012
0.013
0.015
0.019
-0.002
0.011
-0.001
0.014
0.008
0.022
-0.005
0.001
0.012
0.042
-0.016
-0.017
0.032
-0.011
0.015
0.004
-0.012
-0.001
0.012
-0.016
-0.012
0.040
0.006
-0.006
0.013
0.354
0.417
0.195
-0.004
-0.230
-0.350
-0.246
-0.255
-0.186
-0.009
-0.067
-0.094
-0.146
-0.048
-0.057
0.093
0.029
0.076
0.075
0.056
-0.013
0.033
-0.081
0.098
0.113
0.148
0.094
0.218
0.312
-0.023
-0.086
-0.084
-0.365
-0.310
-0.238
-0.438
-0.445
-0.352
-0.293
-0.210
-0.199
-0.030
-0.018
0.133
0.084
0.054
-0.063
-0.021
-0.055
-0.116
0.007
-0.042
0.124
0.083
0.218
0.258
0.037
0.005
0.026
0.070
0.201
0.243
0.263
0.302
-0.184
0.118
-0.070
-0.029
-0.016
0.013
-0.009
-0.018
-0.003
-0.028
-0.003
-0.016
-0.004
0.013
-0.025
-0.012
-0.020
-0.003
0.004
0.007
-0.003
-0.005
-0.005
-0.010
-0.009
0.013
0.005
-0.004
0.024
0.158
0.193
0.171
0.189
0.167
0.139
-0.157
-0.313
-0.181
-0.094
-0.177
-0.327
-0.508
-0.450
-0.147
0.053
0.295
0.514
0.478
0.230
0.097
-0.021
-0.018
0.027
-0.031
0.034
-0.001
0.026
0.014
0.003
0.017
0.008
0.038
0.002
-0.000
0.009
0.020
0.001
0.037
0.027
0.021
0.005
0.017
-0.007
0.030
0.023
0.011
0.014
-0.005
0.005
0.021
0.015
0.016
0.031
0.003
-0.004
0.007
0.017
0.024
0.007
0.008
0.015
0.015
0.007
0.013
0.042
-0.005
0.014
-0.003
0.012
0.016
0.022
0.001
0.032
0.013
0.029
0.015
0.068
0.050
0.103
0.147
0.097
0.265
0.191
0.097
-0.099
-0.278
-0.218
-0.155
-0.366
-0.551
-0.496
-0.239
-0.538
-0.479
-0.446
-0.145
-0.088
0.095
-0.101
-0.037
-0.025
0.011
0.136
0.220
0.366
0.342
0.523
0.583
0.581
0.570
0.652
0.297
0.401
0.529
0.480
0.435
0.467
0.411
0.347
0.355
0.379
0.377
0.239
0.153
0.161
0.167
0.121
0.132
0.112
0.060
0.085
0.139
0.134
0.095
0.116
0.073
-0.043
0.123
0.056
-0.036
-0.042
-0.042
-0.031
0.024
0.052
0.041
0.039
0.006
0.082
0.087
0.102
0.073
0.086
0.075
0.081
0.080
0.082
0.050
0.064
0.076
0.062
0.071
0.062
0.060
0.057
0.053
0.056
0.064
0.055
0.050
0.038
0.040
0.052
0.074
0.051
0.032
0.046
0.040
0.502
0.286
0.072
0.079
0.009
0.050
0.063
0.038
0.087
0.001
0.046
-0.162
-0.108
-0.120
-0.104
-0.017
-0.005
-0.011
0.036
0.039
0.044
0.029
0.037
0.038
0.045
0.036
0.042
0.029
0.032
0.052
0.010
0.027
0.048
0.033
0.025
0.167
0.052
0.316
0.027
0.070
0.029
0.006
-0.021
-0.226
-0.251
0.005
0.020
0.052
0.033
0.023
0.003
0.049
0.031
0.016
0.018
0.023
0.032
0.010
0.017
0.027
-0.001
0.020
0.039
0.022
0.017
-0.004
0.014
0.013
0.015
0.021
0.003
0.036
0.029
0.015
0.027
0.005
0.014
0.021
0.024
0.014
0.024
0.010
-0.000
0.012
0.028
-0.001
0.008
0.017
0.001
0.015
0.000
0.009
0.015
0.000
0.012
0.010
0.006
0.001
0.020
0.035
0.019
-0.015
0.015
0.012
0.015
0.008
-0.010
0.000
0.011
0.017
0.017
0.009
-0.006
0.005
-0.004
0.017
0.028
0.009
-0.001
0.014
-0.006
-0.005
0.013
0.016
-0.005
0.079
0.104
-0.016
0.020
0.004
-0.050
0.030
-0.034
-0.002
-0.022
-0.012
-0.024
0.011
0.016
-0.002
-0.009
-0.006
0.001
0.005
-0.009
0.002
-0.007
0.027
-0.001
-0.006
0.012
-0.007
-0.011
-0.002
0.017
-0.010
-0.019
0.010
-0.003
-0.002
0.009
-0.010
-0.005
-0.005
0.002
0.019
-0.011
0.002
-0.005
-0.008
0.004
-0.013
0.008
0.023
0.005
0.018
0.010
-0.018
-0.002
-0.001
0.016
-0.023
-0.006
0.026
-0.042
-0.029
-0.128
-0.139
-0.012
0.022
0.018
0.018
0.013
-0.027
0.002
0.008
-0.028
-0.019
-0.044
0.017
-0.044
0.034
-0.014
0.013
-0.018
-0.018
0.019
0.066
0.099
0.090
0.081
0.024
0.033
-0.030
0.017
-0.003
-0.016
-0.014
-0.029
0.001
0.032
0.001
-0.013
-0.002
-0.012
0.017
-0.011
-0.010
-0.009
0.009
-0.027
-0.029
-0.013
0.010
0.017
-0.012
-0.033
-0.009
-0.010
0.002
-0.022
-0.033
0.011
-0.010
-0.003
-0.032
0.017
0.014
-0.023
-0.043
-0.012
0.006
-0.014
-0.013
-0.030
-0.001
0.000
-0.011
-0.002
-0.005
-0.008
-0.007
-0.011
-0.010
0.006
-0.028
0.004
-0.018
-0.019
-0.023
-0.017
-0.041
-0.011
-0.006
-0.006
-0.008
0.001
0.005
-0.008
-0.015
-0.008
0.007
-0.002
0.007
-0.009
-0.009
0.002
-0.015
-0.008
0.001
0.009
0.005
-0.001
-0.001
0.005
-0.001
-0.002
-0.004
0.004
-0.007
-0.008
-0.005
0.018
0.001
-0.007
-0.006
0.004
-0.006
-0.016
-0.018
-0.001
-0.003
-0.005
0.018
-0.014
-0.009
-0.004
0.000
-0.013
0.010
-0.014
-0.015
-0.004
0.006
-0.027
0.003
-0.002
0.001
-0.012
0.008
-0.008
-0.028
0.004
-0.003
-0.003
-0.000
-0.018
-0.026
-0.015
-0.007
-0.003
0.003
0.003
-0.001
-0.033
0.012
-0.021
-0.014
0.007
0.002
0.001
-0.000
0.003
-0.003
-0.011
0.016
-0.014
0.003
-0.004
-0.016
0.007
0.023
-0.006
0.002
-0.004
-0.005
0.012
-0.000
-0.023
0.004
0.009
-0.015
-0.001
0.002
0.005
-0.002
-0.007
-0.012
0.001
-0.011
0.001
0.008
0.004
-0.000
-0.008
-0.005
-0.015
0.017
0.016
-0.006
-0.021
-0.002
-0.006
0.009
-0.000
0.010
-0.011
0.003
-0.017
-0.000
-0.012
0.003
-0.005
-0.016
0.001
0.007
-0.018
-0.019
-0.011
0.004
0.001
0.012
-0.005
0.005
-0.002
-0.001
0.002
0.007
-0.016
-0.007
0.002
-0.006
-0.003
0.008
-0.003
-0.005
0.004
-0.018
-0.010
-0.006
-0.009
-0.012
-0.027
-0.003
0.010
-0.004
-0.001
-0.008
-0.002
0.005
-0.004
0.008
-0.002
-0.012
-0.007
-0.013
0.005
-0.012
0.003
-0.015
-0.005
-0.004
-0.009
0.009
0.008
0.012
0.009
0.020
-0.008
0.017
-0.008
-0.015
-0.008
-0.007
0.008
-0.015
-0.003
0.000
0.000
0.013
-0.001
0.011
0.015
0.021
-0.008
0.006
-0.004
-0.007
0.007
-0.003
-0.021
0.004
-0.023
0.030
-0.015
-0.006
0.007
0.013
0.002
-0.001
0.011
-0.006
-0.003
-0.002
-0.005
-0.008
-0.001
0.011
0.014
0.002
0.002
-0.014
-0.003
-0.017
0.009
-0.001
0.003
-0.011
0.015
-0.017
0.004
0.014
0.008
-0.034
-0.026
0.013
0.026
-0.011
-0.039
-0.015
0.008
0.000
-0.024
-0.018
-0.002
0.014
0.005
0.005
-0.026
-0.009
0.043
-0.078
0.001
0.027
0.084
-0.060
-0.092
-0.050
0.064
0.067
-0.027
-0.043
-0.029
0.014
0.010
0.009
-0.017
-0.011
-0.013
-0.012
-0.007
0.001
-0.010
0.009
-0.012
0.024
0.032
0.014
0.010
0.011
-0.012
-0.012
0.003
0.008
0.009
-0.007
-0.025
-0.021
-0.050
-0.052
-0.025
0.026
0.012
-0.015
-0.031
-0.012
0.016
0.000
0.003
0.000
0.010
-0.015
0.006
-0.029
0.009
0.002
0.001
0.001
0.005
0.017
-0.002
-0.003
0.002
0.014
0.008
-0.021
-0.001
-0.014
-0.002
0.002
-0.006
-0.008
-0.006
0.018
-0.003
0.000
-0.027
-0.011
-0.008
-0.009
0.013
0.019
0.007
0.011
-0.012
0.001
-0.010
-0.004
0.004
0.000
0.002
-0.011
-0.007
-0.004
0.005
-0.003
-0.022
-0.006
-0.015
0.007
0.011
0.003
0.008
0.006
0.012
0.000
0.002
-0.031
-0.032
-0.019
0.013
-0.010
-0.006
-0.028
-0.042
-0.008
0.010
0.009
0.051
0.014
0.059
-0.000
-0.014
0.012
0.028
0.015
-0.014
0.016
0.025
-0.010
-0.004
-0.005
-0.021
-0.001
0.005
0.011
-0.009
-0.009
-0.025
-0.009
-0.002
-0.004
-0.015
0.011
0.008
-0.005
0.036
0.019
-0.006
-0.001
-0.014
-0.006
0.005
0.011
0.004
0.005
-0.016
-0.021
-0.010
0.018
-0.003
0.002
0.003
-0.014
-0.018
-0.002
0.027
0.006
-0.017
-0.014
-0.011
0.009
0.016
-0.002
0.018
0.007
-0.017
-0.018
0.003
-0.023
-0.014
0.002
-0.001
0.001
0.009
-0.009
-0.013
-0.005
-0.003
-0.001
-0.003
-0.018
-0.009
0.001
-0.013
-0.009
0.015
0.022
0.012
-0.006
-0.024
-0.010
-0.005
-0.007
0.017
-0.012
-0.004
0.010
0.018
0.012
0.011
-0.015
-0.013
0.006
-0.011
-0.007
-0.005
-0.007
-0.011
0.013
-0.015
0.017
0.012
-0.009
-0.011
0.002
-0.019
-0.024
0.005
0.005
-0.008
0.023
-0.005
0.014
0.002
-0.009
-0.014
-0.013
-0.008
-0.004
0.003
0.008
-0.009
-0.011
-0.010
-0.009
-0.004
0.011
-0.006
0.002
-0.010
-0.010
0.009
-0.025
-0.035
-0.012
-0.015
0.005
0.020
0.010
-0.013
-0.010
-0.001
0.015
0.021
-0.010
-0.026
-0.027
-0.022
0.018
0.034
0.004
-0.026
-0.020
-0.011
0.002
0.019
-0.011
0.003
0.024
-0.007
0.000
-0.001
-0.012
0.011
0.002
-0.003
0.001
-0.015
-0.010
-0.020
-0.003
-0.019
0.023
0.001
0.010
0.001
-0.007
0.003
-0.016
0.011
0.003
-0.010
-0.011
0.009
-0.011
-0.003
0.007
0.010
-0.031
-0.007
-0.010
-0.009
-0.002
-0.003
0.020
-0.003
-0.015
-0.002
-0.011
-0.001
-0.000
-0.003
0.005
-0.009
0.007
-0.043
0.019
0.033
0.041
0.027
-0.016
0.007
0.042
-0.070
0.059
-0.068
0.339
0.149
0.254
0.069
-0.330
-0.461
-0.075
0.049
0.298
0.340
0.346
0.456
0.187
-0.955
-0.994
0.003
0.124
-0.063
-0.150
0.005
0.008
0.145
0.151
0.108
0.052
-0.150
-0.334
0.031
0.009
-0.003
0.008
0.056
0.085
0.002
0.008
-0.070
-0.047
0.022
-0.052
-0.061
0.016
0.058
0.013
0.033
0.006
-0.056
-0.133
-0.037
-0.078
-0.049
0.013
0.071
0.060
0.072
0.042
0.063
0.090
0.052
0.012
-0.028
0.021
-0.014
-0.060
-0.004
-0.021
-0.035
-0.009
-0.005
0.012
-0.026
-0.037
0.015
-0.023
-0.021
-0.014
0.029
-0.036
-0.012
-0.034
0.043
-0.004
-0.018
-0.000
0.018
0.057
0.045
-0.073
0.004
0.125
0.094
0.044
0.146
0.003
-0.074
-0.003
0.022
-0.052
-0.101
-0.180
-0.121
-0.062
0.021
-0.023
0.012
-0.323
-1.045
-0.813
-0.952
1.229
1.402
0.767
0.166
-0.077
-0.025
-0.036
0.008
-0.011
-0.005
-0.045
-0.014
-0.025
-0.022
-0.012
0.003
-0.035
-0.018
-0.004
-0.007
0.014
-0.020
-0.022
-0.028
-0.042
-0.034
-0.013
0.020
0.020
-0.014
-0.025
-0.015
-0.009
0.008
-0.012
-0.014
-0.022
-0.029
-0.019
0.022
0.011
0.001
-0.001
-0.016
-0.006
-0.009
0.006
-0.004
-0.001
0.006
-0.008
0.006
-0.017
-0.010
-0.002
-0.011
0.000
-0.001
0.019
-0.073
0.049
-0.047
0.042
-0.016
-0.022
0.028
-0.055
0.022
-0.035
0.039
0.004
-0.011
-0.044
-0.001
-0.012
0.018
-0.016
0.014
-0.017
0.127
0.071
-0.057
-0.114
-0.003
0.104
0.209
-0.223
-0.490
-0.494
-0.369
0.012
0.383
0.332
0.009
-0.121
0.197
0.315
0.180
0.091
0.176
-0.049
-0.067
0.116
0.149
0.154
0.146
-0.006
0.079
0.039
-0.209
0.024
0.204
0.091
-0.170
-0.351
-0.389
-0.373
-0.019
-0.058
-0.065
-0.287
-0.201
-0.058
-0.072
-0.077
-0.006
0.135
0.185
0.122
0.083
0.072
0.119
0.071
0.099
0.050
0.008
0.005
-0.005
-0.026
-0.031
0.000
-0.012
-0.021
-0.012
0.001
-0.000
-0.010
-0.021
0.019
0.011
-0.003
-0.029
-0.008
0.021
0.033
-0.054
0.003
-0.023
-0.001
-0.013
0.001
-0.004
0.001
-0.000
-0.027
-0.007
-0.016
-0.024
0.004
0.003
-0.012
-0.014
0.004
-0.011
0.007
0.008
-0.019
-0.014
-0.017
-0.003
0.009
0.018
-0.008
-0.011
-0.022
-0.002
-0.001
0.013
0.023
-0.009
-0.002
-0.024
-0.024
0.030
-0.030
0.018
-0.022
-0.002
-0.034
-0.013
0.001
-0.009
0.010
-0.011
0.021
0.000
-0.002
0.004
-0.008
-0.019
0.007
0.001
0.021
-0.010
-0.019
0.003
0.010
-0.003
0.002
-0.003
0.006
-0.002
-0.010
-0.006
-0.008
-0.018
-0.005
0.000
-0.014
-0.008
-0.005
0.017
0.009
0.004
-0.008
0.006
0.006
0.023
0.009
0.010
-0.004
-0.000
-0.016
-0.007
0.020
-0.120
0.131
0.050
0.020
-0.083
-0.046
-0.023
0.030
0.048
0.007
-0.028
-0.041
-0.003
-0.007
0.007
0.000
-0.006
-0.028
-0.015
-0.004
0.009
0.007
-0.011
-0.023
-0.009
-0.017
0.005
0.006
0.012
-0.008
-0.006
-0.005
-0.013
-0.007
-0.033
-0.003
-0.001
0.008
-0.012
-0.018
-0.017
-0.012
-0.006
-0.000
-0.009
-0.011
0.004
-0.000
-0.003
-0.006
0.002
0.002
-0.012
-0.016
-0.035
-0.007
0.004
0.037
-0.005
0.003
-0.013
-0.006
-0.004
-0.003
-0.004
0.016
0.009
0.001
0.018
-0.020
0.017
0.000
-0.008
0.008
0.008
-0.010
-0.001
-0.016
-0.014
0.004
-0.007
-0.006
0.003
-0.002
0.002
0.015
0.010
-0.021
-0.020
-0.002
0.004
-0.012
-0.011
-0.001
-0.001
-0.008
0.012
0.009
-0.003
0.002
-0.017
-0.006
-0.004
-0.031
-0.010
0.010
-0.021
-0.017
0.000
0.006
0.002
0.014
-0.017
0.009
-0.003
-0.010
0.007
0.018
-0.024
-0.015
-0.003
-0.001
0.001
-0.008
-0.009
-0.029
-0.013
0.032
0.009
-0.014
-0.011
0.011
0.015
-0.017
0.037
0.014
-0.011
-0.014
-0.021
0.007
0.003
0.013
-0.005
-0.011
-0.000
-0.005
-0.002
0.012
0.005
-0.012
-0.021
-0.004
0.007
-0.005
0.003
0.008
0.010
-0.008
-0.014
-0.004
-0.016
-0.009
0.011
-0.007
-0.000
-0.017
-0.024
0.011
-0.006
-0.007
-0.002
0.003
-0.004
0.006
0.007
-0.008
-0.003
-0.000
-0.018
-0.005
0.002
-0.015
-0.012
0.003
0.003
0.003
0.007
-0.006
-0.018
-0.017
-0.013
-0.011
0.013
0.007
0.003
-0.021
-0.013
-0.000
0.011
-0.025
0.008
0.012
0.002
0.004
-0.003
-0.011
-0.009
-0.002
0.013
-0.004
-0.003
0.004
0.000
-0.023
0.015
0.003
-0.001
-0.007
0.004
0.010
0.003
-0.009
0.003
0.002
-0.026
0.007
0.017
0.011
-0.010
-0.017
-0.011
-0.020
0.015
0.003
0.015
-0.016
-0.026
0.009
0.005
-0.005
-0.005
-0.016
0.009
-0.001
-0.015
0.007
0.008
0.021
-0.010
-0.006
0.008
-0.007
-0.007
0.003
-0.007
-0.015
0.013
-0.017
-0.004
-0.001
-0.008
0.001
-0.017
-0.011
0.009
0.012
-0.020
-0.012
-0.021
0.008
0.001
0.013
0.001
-0.002
-0.003
-0.010
-0.017
-0.003
0.010
-0.007
-0.024
-0.015
0.001
0.015
0.023
0.002
-0.010
-0.014
-0.015
-0.014
0.011
0.005
0.016
-0.007
-0.006
-0.015
0.002
0.001
0.007
-0.017
0.006
0.004
-0.001
-0.005
0.023
-0.002
0.006
0.003
-0.015
-0.012
0.005
-0.003
-0.001
0.012
0.005
0.003
-0.013
0.001
-0.004
-0.004
0.008
-0.013
0.018
0.016
-0.027
0.007
-0.005
-0.011
0.000
0.007
-0.041
0.009
-0.005
0.006
-0.005
0.001
0.025
-0.027
-0.001
-0.001
0.006
0.007
-0.017
-0.011
-0.000
0.014
-0.005
0.015
-0.005
-0.007
-0.024
0.086
-0.835
-0.090
0.086
0.001
0.154
0.913
1.202
1.083
-0.294
-0.973
-1.091
-0.604
-0.356
-0.250
0.122
0.030
0.600
-0.016
-0.007
0.007
-0.157
-0.070
0.027
-0.065
0.147
0.174
-0.067
0.075
0.005
-0.038
0.014
0.004
-0.087
0.175
0.298
0.151
0.170
0.066
-0.135
-0.295
-0.004
-0.039
-0.070
0.017
0.002
0.153
0.238
0.136
-0.028
-0.486
-0.006
0.059
0.182
0.133
0.031
-0.276
-0.096
-0.027
0.019
-0.017
-0.125
-0.208
0.048
0.013
-0.049
0.048
0.128
0.048
0.050
-0.001
0.034
-0.026
-0.041
-0.215
-0.063
0.129
0.345
0.276
0.024
-0.020
-0.066
-0.116
-0.337
0.286
-0.252
-0.025
0.068
0.060
-0.040
-0.215
-0.292
-0.323
-0.263
-0.126
0.048
0.080
0.164
0.232
0.237
0.294
0.235
0.280
0.077
-0.017
0.085
0.139
0.136
0.114
-0.033
0.013
0.043
0.024
-0.133
-0.178
-0.087
-0.100
0.066
0.117
-0.149
0.181
0.252
0.300
0.083
0.184
0.184
0.089
0.155
0.293
0.326
0.130
0.081
0.148
0.206
0.236
0.258
0.255
0.205
0.024
-0.015
-0.005
0.082
0.175
0.257
0.295
0.255
0.109
0.099
0.199
0.277
0.330
0.319
0.218
0.182
0.171
0.218
0.057
-0.013
0.055
0.095
0.030
-0.075
0.002
-0.205
-0.536
-0.348
-0.101
0.012
0.147
0.242
0.274
0.236
-0.011
-0.092
-0.110
-0.176
-0.253
-0.178
-0.428
-0.278
0.068
0.366
0.420
0.100
-0.143
-0.279
-0.005
0.126
0.189
0.321
0.174
0.000
-0.153
-0.332
-0.007
-0.453
-1.035
-1.232
-1.005
-0.659
-0.621
-0.515
-0.439
-0.245
0.098
0.133
-0.095
-0.343
-0.412
-0.350
-0.508
-0.687
-0.686
-0.446
-0.107
0.186
0.201
0.013
-0.110
-0.175
-0.177
-0.091
-0.022
-0.089
-0.034
0.099
0.194
0.227
0.147
0.027
-0.070
-0.032
0.232
0.530
0.641
0.625
0.493
0.463
0.512
0.502
0.392
0.161
-0.098
-0.253
-0.203
-0.222
-0.359
-0.319
-0.210
-0.089
0.060
0.278
0.338
0.319
0.323
0.215
0.035
-0.005
0.108
0.238
0.296
0.295
0.241
0.117
0.046
0.169
0.332
0.389
0.399
0.342
0.264
0.203
0.183
0.212
0.322
0.317
0.342
0.366
0.433
0.561
0.635
0.496
0.190
-0.066
-0.198
-0.188
-0.146
-0.017
0.220
0.353
0.400
0.424
0.392
0.475
0.452
0.269
-0.027
-0.219
-0.269
-0.272
-0.319
-0.281
-0.280
-0.408
-0.577
-0.751
-0.729
-0.469
-0.184
-0.050
-0.060
-0.128
-0.258
-0.580
-0.863
-1.024
-0.964
-0.784
-0.474
-0.221
-0.013
0.098
0.363
0.493
0.272
0.131
-0.169
-0.418
-0.614
-0.724
-0.602
-0.211
0.092
0.075
-0.132
-0.381
-0.418
-0.253
-0.136
-0.097
-0.113
-0.268
-0.444
-0.652
-0.697
-0.725
-0.476
-0.261
-0.077
-0.143
-0.246
-0.363
-0.257
0.070
0.367
0.434
0.392
0.432
0.479
0.489
0.524
0.441
0.098
-0.483
-0.752
-0.383
0.277
0.715
1.116
0.742
0.577
0.233
-0.024
-0.176
-0.365
-0.015
0.409
1.085
1.536
1.476
0.908
0.303
-0.043
-0.228
-0.064
0.040
0.372
0.460
0.769
0.788
0.721
0.521
0.375
0.119
-0.170
-0.478
-0.487
-0.226
0.044
0.200
0.092
-0.092
-0.171
-0.170
-0.175
-0.160
-0.030
0.038
-0.084
-0.237
-0.233
-0.106
0.063
0.227
0.324
0.240
0.008
-0.449
-0.961
-1.287
-1.192
-0.812
-0.391
-0.039
0.053
0.008
-0.137
-0.247
-0.284
-0.147
0.001
0.198
0.229
0.087
-0.133
-0.345
-0.439
-0.451
-0.519
-0.577
-0.690
-0.637
-0.428
-0.206
-0.027
0.167
0.246
0.149
0.020
-0.111
-0.198
-0.249
-0.331
-0.426
-0.526
-0.832
-1.092
-1.135
-0.957
-0.702
-0.622
-0.642
-0.515
-0.343
-0.230
-0.104
-0.086
-0.008
-0.012
-0.021
0.052
0.261
0.386
0.395
0.250
0.038
-0.167
-0.233
-0.542
-0.613
-1.253
-0.772
-0.565
-0.537
-0.439
-0.410
-0.343
-0.252
-0.181
-0.125
-0.065
0.013
-0.068
-0.188
-0.316
-0.331
-0.287
-0.229
-0.126
-0.016
-0.012
-0.018
-0.007
0.349
0.234
-0.332
-0.533
-0.367
-0.450
-0.578
-0.663
-0.702
-0.511
-0.309
-0.122
0.046
0.148
0.180
0.145
0.064
-0.062
-0.142
-0.054
0.147
0.319
0.333
0.232
0.120
0.114
0.175
0.155
0.070
0.052
0.084
0.061
0.192
0.379
0.337
0.223
0.039
-0.019
0.078
0.178
0.098
0.019
0.163
0.350
0.314
0.063
-0.188
-0.338
-0.280
-0.115
0.032
0.068
0.156
0.210
0.260
0.362
0.429
0.306
0.096
-0.134
0.037
0.215
0.182
0.164
0.134
0.223
0.438
0.587
0.612
0.642
0.507
0.460
0.981
0.057
0.061
0.179
0.174
0.117
0.226
0.121
-0.127
-0.258
-0.398
-0.690
-0.699
-0.693
-0.816
-1.030
-0.873
-0.390
-0.020
0.070
0.055
0.131
0.402
0.360
0.257
0.106
-0.022
0.073
0.133
0.055
-0.135
-0.450
-0.588
-0.446
-0.284
-0.140
-0.051
-0.176
-0.220
-0.473
-0.524
-0.456
-0.848
-0.440
-0.169
-0.124
-0.148
-0.325
-0.470
-0.287
-0.139
-0.153
-0.227
-0.200
-0.177
-0.252
-0.307
-0.408
-0.314
-0.149
-0.029
0.182
0.222
0.149
-0.122
-0.286
-0.279
-0.081
0.158
0.424
0.638
0.511
0.147
-0.325
-0.589
-0.518
-0.197
0.204
0.391
0.380
0.170
-0.147
-0.348
-0.284
-0.103
0.102
0.357
0.712
0.692
0.562
0.465
0.326
0.307
0.391
0.396
0.355
0.448
0.687
0.747
0.900
1.117
1.111
0.926
0.572
0.246
0.113
0.246
0.340
0.335
0.302
0.191
0.348
0.313
0.377
0.458
0.444
0.394
0.338
0.237
0.097
0.120
0.185
0.119
0.001
-0.121
-0.159
-0.314
-0.444
-0.506
-0.580
-0.667
-0.533
-0.170
-0.011
-0.154
-0.123
-0.144
-0.253
-0.324
-0.122
0.105
0.374
0.330
0.204
-0.039
-0.183
-0.231
-0.239
-0.177
-0.123
-0.120
-0.123
0.010
-0.110
-0.218
-0.336
-0.421
-0.455
-0.267
-0.096
0.050
0.266
0.461
0.448
0.440
0.334
0.159
0.014
-0.277
-0.470
-0.420
-0.185
-0.072
-0.021
0.041
0.046
-0.019
-0.061
-0.086
-0.018
-0.102
-0.145
-0.223
-0.293
-0.430
-0.453
-0.300
-0.395
-0.234
-0.270
-0.355
-0.507
-0.608
-0.588
-0.563
-0.494
-0.368
-0.358
-0.351
-0.331
-0.255
-0.217
-0.267
-0.295
-0.260
-0.185
-0.298
-0.142
-0.011
0.185
0.125
-0.019
0.037
-0.052
-0.090
-0.030
-0.031
0.024
0.050
0.200
0.303
0.300
0.136
0.075
-0.004
-0.079
-0.175
-0.228
-0.131
0.074
0.129
0.161
0.207
0.195
0.089
-0.062
-0.133
-0.127
-0.145
-0.133
-0.134
-0.065
-0.001
0.098
0.045
0.072
0.044
0.076
-0.001
0.035
0.129
0.281
0.483
0.442
0.439
0.527
0.449
0.329
0.165
0.032
0.004
0.103
0.136
0.155
0.162
0.224
0.189
0.112
0.186
0.172
0.081
-0.040
-0.179
-0.272
-0.274
-0.134
-0.082
-0.062
-0.001
0.039
-0.022
-0.058
-0.091
-0.107
-0.098
-0.069
-0.036
0.072
0.110
0.275
0.321
0.260
0.160
-0.003
-0.178
-0.147
0.022
0.023
0.042
0.052
-0.074
-0.070
-0.028
-0.017
-0.009
0.093
0.203
0.292
0.307
0.284
0.195
0.192
0.068
0.091
0.142
0.212
0.166
0.135
0.262
0.407
0.383
0.293
0.437
0.288
0.258
0.139
-0.013
-0.160
-0.319
-0.460
-0.508
-0.571
-0.484
-0.359
-0.250
-0.232
-0.294
-0.377
-0.390
-0.304
-0.434
-0.523
-0.493
-0.510
-0.516
-0.497
-0.407
-0.347
-0.211
-0.073
-0.098
-0.095
-0.171
-0.062
-0.082
-0.054
0.055
0.094
-0.053
-0.259
-0.456
-0.626
-0.540
-0.516
-0.433
-0.518
-0.609
-0.674
-0.429
-0.167
0.037
-0.062
-0.193
-0.340
-0.168
-0.024
0.124
0.304
0.375
0.280
0.190
0.184
0.139
0.332
0.774
0.409
0.227
0.251
0.115
-0.007
-0.104
-0.261
-0.398
-0.380
-0.227
-0.232
-0.239
-0.024
0.107
0.031
-0.258
-0.652
-0.855
-0.892
-0.627
-0.496
-0.485
-0.549
-0.910
-1.244
-1.249
-0.608
0.083
0.424
0.895
0.897
0.596
0.258
0.006
-0.104
0.063
0.292
0.731
1.249
1.307
1.127
0.780
0.286
-0.137
-0.277
-0.227
-0.268
-0.145
0.060
0.308
0.566
0.704
0.680
0.530
0.297
0.110
0.020
0.024
0.082
0.068
-0.047
-0.050
-0.002
-0.262
-0.502
-0.780
-0.831
-0.503
-0.157
0.121
0.262
0.565
0.854
0.633
0.321
-0.076
-0.035
0.276
0.511
0.494
0.277
-0.037
-0.144
-0.271
-0.350
-0.476
-0.404
-0.135
0.031
0.176
0.795
1.029
0.630
0.653
0.613
0.656
0.649
0.503
0.344
0.256
0.219
0.235
0.111
-0.127
-0.304
-0.296
0.142
0.368
0.119
-0.072
-0.069
-0.381
-0.348
-0.483
-0.213
0.091
0.134
-0.124
-0.435
-0.690
-0.850
-0.825
-0.621
-0.424
-0.092
0.206
0.652
1.110
1.162
1.028
0.813
0.666
0.544
0.334
0.204
0.277
0.441
0.580
0.515
0.570
0.651
0.599
0.629
0.745
0.805
0.816
0.800
0.641
0.595
0.383
-0.079
-0.163
-0.255
-0.552
-0.559
-0.392
-0.478
-0.468
-0.403
-0.234
-0.195
-0.074
-0.117
-0.220
-0.293
-0.382
-0.525
-0.120
0.080
0.138
-0.051
-0.377
-0.606
-0.716
-0.764
-0.757
-0.606
-0.330
-0.272
-0.012
0.644
0.562
0.439
0.269
0.361
0.468
0.528
0.425
0.191
-0.014
-0.126
-0.211
-0.274
-0.257
-0.123
-0.115
-0.199
-0.006
-0.670
-0.699
-0.684
-0.975
-0.737
-0.501
-0.449
-0.238
-0.633
-1.078
-1.061
-0.784
-0.462
-0.594
-0.791
-0.689
-0.516
-0.419
-0.119
0.169
0.414
0.619
0.612
0.437
0.056
-0.189
-0.282
-0.263
-0.219
-0.064
0.073
0.128
0.145
0.154
0.297
0.408
0.322
0.299
0.335
0.293
0.222
0.156
-0.005
-0.204
-0.443
-0.395
-0.345
-0.393
-0.228
-0.217
-0.318
-0.149
0.211
0.435
0.343
0.458
0.319
0.256
0.160
0.337
0.408
0.363
0.327
0.107
-0.154
-0.447
-0.723
-0.844
-0.795
-0.648
-0.366
-0.003
0.476
0.792
0.717
1.385
0.715
0.618
0.946
0.871
0.513
0.041
-0.457
-0.714
-0.591
-0.554
-0.272
-0.339
-0.502
-0.637
-0.707
-1.222
-0.992
-0.714
-0.691
-0.406
-0.013
0.296
0.465
0.236
0.005
-0.223
-0.297
-0.522
-0.712
-0.877
-0.778
-0.420
-0.257
0.525
1.097
1.489
1.864
1.822
1.440
0.798
0.360
-0.286
-0.835
-0.964
-0.757
-0.567
-0.314
0.032
0.194
0.281
0.419
0.513
0.516
0.488
0.430
0.427
0.295
-0.946
-0.941
-0.868
-0.708
-0.063
0.102
-0.367
-0.563
-0.073
0.597
0.933
0.651
0.321
0.118
-0.100
-0.625
-0.410
-0.304
-0.445
-0.363
-0.350
-0.510
-0.478
-0.593
-0.600
-0.591
-0.702
-0.553
-0.205
0.222
0.369
0.744
1.017
0.869
0.687
0.482
0.139
-0.165
-0.251
-0.394
-0.351
-0.197
-0.181
-0.151
-0.224
-0.451
-0.547
-0.559
-0.506
-0.476
-0.508
-0.512
-0.520
-0.473
-0.333
-0.196
-0.481
-0.781
-0.739
-0.711
-0.630
-0.601
-0.634
-0.676
-0.588
-0.354
-0.039
0.225
0.460
0.552
0.850
1.212
1.411
1.743
1.522
0.836
0.207
-0.118
-0.265
-0.378
-0.390
-0.378
-0.370
-0.268
-0.067
0.046
0.195
0.240
0.454
0.538
0.672
0.787
0.644
0.361
0.195
0.215
0.025
-0.298
-0.626
-0.461
-0.065
0.252
0.333
0.429
0.502
0.355
0.067
-0.093
0.079
0.288
0.498
0.924
1.151
1.090
0.946
0.775
0.728
0.966
1.189
1.551
1.929
2.414
2.520
2.375
2.178
1.934
1.549
1.286
0.811
0.357
0.125
0.178
0.125
0.156
0.218
-0.012
-0.353
-0.657
-0.797
-0.733
-0.676
-0.797
-0.883
-0.795
-0.762
-0.867
-0.795
-0.396
-0.335
-0.691
-1.485
-2.296
-2.556
-2.989
-1.999
-0.955
-0.515
-0.453
-0.748
-1.074
-1.174
-0.922
-0.633
-0.318
-0.165
-0.096
-0.397
-0.751
-1.131
-1.377
-1.381
-1.334
-1.219
-1.221
-1.319
-1.402
-1.482
-1.540
-1.486
-1.321
-1.063
-0.913
-0.787
-0.767
-0.784
-0.918
-0.884
-0.700
-0.437
-0.276
-0.274
-0.370
-0.604
-0.803
-0.859
-0.788
-0.678
-0.420
-0.088
0.298
0.619
0.672
0.472
0.302
0.188
0.124
0.133
0.111
0.256
0.423
0.488
0.519
0.529
0.588
0.579
0.551
0.545
0.537
0.441
0.344
0.197
0.102
0.098
0.096
0.114
0.125
0.180
0.315
0.268
0.185
0.113
0.074
0.032
0.040
0.076
0.139
0.110
0.092
0.047
0.010
-0.042
-0.053
-0.152
-0.290
-0.444
-0.632
-0.706
-0.751
-0.653
-0.559
-0.483
-0.411
-0.455
-0.498
-0.522
-0.487
-0.410
-0.310
-0.316
-0.314
-0.329
-0.271
-0.120
-0.006
0.016
0.034
0.031
0.092
0.148
0.118
0.034
-0.021
-0.145
0.146
0.346
0.604
0.579
0.572
0.513
0.433
0.247
0.272
0.448
0.519
0.565
0.553
0.550
0.512
0.387
0.260
0.171
-0.015
-0.097
-0.065
0.050
0.051
0.136
0.268
0.333
0.342
0.305
0.286
0.324
0.406
0.501
0.464
0.466
0.562
0.770
0.868
0.822
0.626
0.400
0.377
0.468
0.331
0.192
0.136
0.174
0.158
-0.061
-0.151
-0.318
-0.504
-0.366
-0.487
-0.905
-0.742
-0.619
-0.387
-0.496
-0.694
-0.867
-1.049
-1.244
-1.226
-1.089
-1.141
-1.224
-0.997
-0.517
-0.189
-0.014
0.216
0.029
-0.143
-0.111
0.058
0.127
0.088
-0.085
-0.274
-0.464
-0.352
-0.166
-0.264
-0.235
0.010
0.082
-0.056
-0.094
-0.135
0.082
0.275
0.304
0.201
-0.106
-0.434
-0.532
-0.367
-0.011
0.312
0.415
0.213
-0.071
-0.463
-0.714
-0.724
-0.661
-0.556
-0.321
0.222
0.557
0.631
0.562
0.442
0.266
0.021
-0.238
-0.472
-0.540
-0.454
-0.454
-0.277
-0.019
0.180
0.136
0.147
0.245
0.302
0.300
0.263
0.191
0.162
0.205
0.085
0.050
0.215
0.412
0.572
0.535
0.311
0.099
0.055
0.154
0.073
0.271
0.380
0.532
0.898
0.296
0.101
0.166
-0.163
-0.405
-1.025
-1.376
-1.644
-1.775
-1.582
-1.381
-0.689
0.114
0.737
1.097
1.151
0.982
0.745
0.457
0.122
-0.228
-0.453
-0.562
-0.494
-0.307
-0.087
0.075
0.130
0.103
0.070
0.023
0.065
0.098
0.054
0.063
-0.117
-0.370
-0.492
-0.490
-0.473
-0.358
-0.264
-0.324
-0.501
-0.530
-0.343
-0.227
-0.101
0.133
0.240
0.223
0.254
0.072
-0.110
-0.173
-0.163
-0.188
-0.388
-0.661
-0.904
-1.075
-1.059
-0.865
-0.636
-0.338
-0.097
0.084
0.236
0.225
0.256
0.228
0.200
0.167
0.213
0.320
0.618
0.699
0.558
0.351
0.283
0.446
0.604
0.769
0.812
0.843
0.774
0.632
0.587
0.403
0.002
-0.303
-1.009
-1.237
-1.544
-1.740
-1.622
-1.161
-0.826
-0.358
-0.110
-0.014
0.091
0.231
0.277
0.258
0.362
0.443
0.481
0.489
0.399
0.249
0.128
-0.188
-0.204
-0.076
-0.002
0.146
0.271
0.257
0.219
0.244
0.263
0.401
0.580
0.723
0.755
0.811
0.683
0.546
0.984
0.756
0.837
0.687
0.524
0.409
0.319
0.174
0.816
0.860
0.510
0.078
-0.211
-0.526
-0.350
-0.158
-0.251
-0.322
-0.396
-0.352
-0.248
-0.117
-0.028
-0.037
0.041
0.096
0.045
0.123
0.215
0.335
0.485
0.492
0.341
0.194
0.100
0.158
0.239
0.362
0.553
0.676
0.637
0.532
0.416
0.323
0.260
0.331
0.435
0.494
0.451
0.255
0.125
0.116
0.198
0.388
0.545
0.615
0.685
0.676
0.688
0.707
0.667
0.736
0.844
0.943
0.942
0.894
0.818
0.793
0.919
1.112
0.961
0.454
0.166
0.123
0.141
0.128
0.123
0.120
-0.135
-0.516
-0.920
-1.331
-1.651
-1.366
-1.211
-1.161
-1.274
-1.379
-1.668
-1.983
-1.945
-2.279
-2.309
-2.023
-1.636
-1.155
-0.659
-0.317
-0.140
-0.194
-0.186
-0.215
-0.192
-0.188
-0.291
-0.244
-0.203
-0.265
-0.313
-0.274
-0.108
0.272
0.580
0.679
0.717
0.586
0.251
0.308
0.317
0.236
0.007
-0.231
-0.187
-0.155
-0.325
-0.396
-0.576
-0.888
-1.090
-1.103
-0.956
-0.758
-0.794
-0.909
-1.008
-1.018
-0.733
-0.695
-0.745
-0.783
-0.770
-0.787
-0.785
-1.185
-0.862
-0.660
-0.443
-0.614
-0.327
-0.393
-0.466
-0.694
-0.873
-1.096
-0.842
-0.544
-0.685
0.224
0.713
1.492
1.601
1.376
0.562
0.157
-0.359
-0.193
0.314
1.266
1.865
1.002
2.406
2.480
2.234
2.309
2.345
3.092
2.878
2.211
2.051
1.878
1.468
1.117
0.804
0.889
0.019
-0.017
-0.181
-0.545
-0.959
-1.000
-0.421
-0.194
0.330
-0.001
-0.724
-1.096
-1.904
-2.604
-2.155
-1.203
-0.327
-0.154
0.107
0.276
-0.357
0.984
-1.667
0.775
9.121
-4.183
-1.641
-1.274
-1.533
-3.955
1.497
-0.817
0.514
-1.486
-1.116
-0.948
-1.750
-1.983
-1.768
-1.626
-1.618
-1.253
-0.663
-0.266
0.775
-0.777
-0.717
-0.564
0.243
0.370
0.538
0.482
0.284
0.035
-0.072
-0.297
-0.657
-0.775
-0.504
-0.476
0.150
0.455
0.537
0.341
0.112
-0.077
-0.216
-0.216
-0.077
0.210
0.158
-0.101
-0.214
-0.072
-0.032
0.002
-0.041
-0.301
-0.519
-0.429
-0.328
-0.252
0.159
0.210
0.075
-0.115
-0.149
-0.133
-0.169
0.009
0.568
0.622
0.403
-0.257
-0.382
-0.469
-0.365
0.175
0.366
1.015
0.632
0.493
0.476
0.765
0.750
0.429
0.108
-0.008
-0.053
-0.170
-0.248
-0.147
-0.062
-0.001
0.034
-0.004
-0.090
-0.189
-0.311
-0.246
-0.024
0.135
0.277
0.090
-0.214
-0.264
-0.428
-0.306
-0.154
-0.178
-0.154
0.165
0.149
0.289
0.114
0.004
0.010
-0.140
-0.020
0.244
0.299
0.525
1.061
1.596
1.710
1.662
1.337
0.984
0.591
0.400
0.498
0.587
0.443
0.273
0.237
0.174
0.091
0.210
0.307
0.293
0.199
0.172
0.283
0.512
0.650
0.751
0.674
0.486
0.379
0.309
0.252
0.060
-0.069
-0.115
-0.015
0.359
0.353
0.378
0.634
0.698
0.875
0.963
0.947
0.838
0.728
0.483
0.304
0.503
0.909
0.967
0.844
0.801
0.740
0.798
1.242
1.474
1.212
1.021
0.679
0.126
-0.200
-0.332
-0.337
-0.200
-0.032
0.140
0.175
0.176
0.197
0.139
0.042
0.139
-0.039
-0.269
-0.199
0.000
0.089
0.085
0.004
-0.082
-0.191
-0.221
-0.257
-0.407
-0.474
-0.525
-0.451
-0.200
-0.070
-0.037
-0.127
-0.174
-0.216
-0.345
-0.357
-0.295
-0.187
-0.040
0.026
0.054
0.083
-0.013
-0.065
0.115
0.218
0.197
0.137
0.074
0.135
0.051
-0.226
-0.367
-0.383
-0.316
-0.181
-0.107
-0.165
0.061
0.105
0.084
-0.091
-0.233
-0.408
-0.526
-0.566
-0.518
-0.428
-0.444
-0.442
-0.388
-0.314
-0.337
-0.198
-0.101
-0.013
0.079
-0.026
-0.072
-0.123
-0.084
-0.112
-0.077
0.037
0.131
0.101
0.033
-0.010
-0.106
0.027
0.046
0.028
-0.024
-0.032
0.083
0.184
0.213
0.166
0.139
0.090
0.099
0.097
0.015
0.066
0.068
0.009
-0.026
-0.062
-0.127
-0.116
-0.099
-0.143
-0.154
-0.177
-0.211
-0.175
-0.125
-0.140
-0.147
-0.059
-0.018
0.068
0.119
0.041
-0.120
-0.147
-0.107
-0.114
-0.096
-0.018
0.037
0.100
0.138
0.148
0.173
0.211
0.095
-0.021
-0.139
-0.101
-0.092
-0.187
-0.301
-0.376
-0.371
-0.331
-0.283
-0.295
-0.196
-0.198
-0.171
-0.117
-0.039
0.011
0.114
0.137
0.020
0.027
0.055
0.075
0.059
0.059
0.171
0.290
0.416
0.265
0.247
0.227
0.245
0.169
0.094
0.058
0.033
0.108
0.055
0.075
0.210
0.311
0.237
0.193
0.146
0.116
0.095
0.117
0.166
0.132
0.176
0.121
0.051
-0.069
-0.152
-0.363
-0.338
-0.187
-0.145
-0.136
0.080
0.061
0.124
0.183
0.148
0.069
-0.075
-0.090
-0.037
-0.018
0.003
-0.035
-0.089
-0.112
-0.181
-0.217
-0.224
-0.043
0.022
0.069
0.028
-0.010
0.064
0.067
0.129
0.106
0.041
-0.098
-0.195
-0.271
-0.188
-0.048
0.032
0.105
0.000
0.081
0.139
-0.084
-0.049
0.125
0.165
0.010
-0.062
-0.270
-0.402
-0.572
-0.929
-1.226
-1.335
-1.143
-0.887
-0.430
-0.183
0.035
0.096
0.236
0.185
0.401
1.443
0.917
0.936
1.093
0.947
0.756
0.636
0.195
-0.134
-0.361
-0.551
-0.438
-0.341
-0.120
0.249
0.346
0.315
0.165
0.207
0.314
0.276
0.489
0.311
0.224
0.119
-0.094
-0.021
0.240
0.517
0.658
0.511
0.529
0.555
0.251
0.079
0.296
0.504
0.603
0.591
0.369
0.089
-0.394
-0.524
-0.148
-0.061
-0.277
0.008
0.242
0.441
0.391
0.166
0.104
-0.104
-0.272
-0.376
-0.299
-0.081
0.014
0.029
0.032
0.431
0.307
-0.176
-0.181
0.135
-0.316
-0.138
0.199
0.135
0.414
0.293
0.298
0.214
0.074
-0.058
0.083
0.093
0.183
0.296
0.435
0.591
0.718
0.758
0.535
0.406
0.323
0.223
0.258
0.333
0.297
0.202
0.041
0.013
0.152
0.306
0.389
0.384
0.388
0.324
0.212
0.152
0.095
-0.069
-0.186
-0.141
0.019
-0.016
-0.108
-0.055
0.071
0.076
0.059
-0.135
-0.195
-0.365
-0.584
-0.659
-0.706
-0.671
-0.535
-0.416
-0.254
-0.251
-0.429
-0.698
-0.913
-0.961
-0.838
-0.576
-0.335
-0.223
-0.251
-0.267
-0.402
-0.637
-0.720
-0.677
-0.627
-0.573
-0.389
-0.001
0.545
0.885
0.732
0.329
-0.126
-0.309
-0.225
-0.069
-0.076
-0.091
0.153
0.360
0.350
0.252
-0.006
-0.391
-0.454
-0.402
-0.425
-0.364
-0.125
-0.008
0.134
0.055
0.035
-0.070
-0.243
-0.308
-0.411
-0.590
-0.607
-0.605
-0.577
-0.300
0.035
0.334
0.599
0.821
0.810
0.603
0.429
0.308
0.453
0.578
0.684
0.832
0.819
0.756
0.700
0.668
0.839
1.003
0.869
0.812
0.932
0.991
0.940
0.679
0.220
-0.167
-0.024
0.200
0.276
0.386
0.326
0.449
0.056
-0.284
-0.301
-0.175
-0.316
-0.399
-0.300
-0.072
0.064
0.178
0.048
-0.210
-0.271
-0.495
-0.619
-0.666
-0.525
-0.457
-0.623
-0.978
-1.136
-1.406
-0.907
-1.347
-1.416
-1.177
-1.291
-1.361
-1.144
-1.468
-1.272
-1.054
-1.146
-0.425
-0.618
-0.642
-0.653
-0.565
-0.632
-0.662
-0.609
-0.588
-0.573
-0.504
-0.523
-0.447
-0.254
-0.047
0.090
0.168
0.237
0.268
0.246
0.250
0.046
-0.110
-0.132
-0.051
-0.034
0.017
0.062
0.019
-0.034
-0.014
0.064
0.194
0.300
0.380
0.362
0.300
0.317
0.332
0.395
0.479
0.506
0.522
0.413
0.325
0.266
0.280
0.225
0.207
0.240
0.248
0.193
0.183
0.356
0.474
0.721
0.657
0.430
-0.021
-0.460
-0.836
-0.947
-0.800
-0.492
-0.289
-0.162
0.076
0.341
0.492
0.525
0.394
0.157
-0.033
-0.227
-0.358
-0.406
-0.292
-0.029
0.139
0.111
0.021
-0.063
-0.145
-0.176
-0.049
0.135
0.398
0.658
0.783
0.846
0.643
0.406
0.332
0.317
0.350
0.399
0.457
0.501
0.563
0.646
0.473
0.328
0.072
-0.091
-0.373
-0.426
-0.282
-0.002
0.363
0.434
0.213
-0.082
-0.473
-0.916
-1.305
-1.544
-1.428
-1.029
-0.638
-0.086
-0.043
0.589
0.298
0.015
-0.182
-0.219
-0.288
-0.303
-0.251
-0.086
0.014
0.086
-0.021
-0.306
-0.488
-0.608
-0.401
-0.047
0.469
0.875
0.692
0.632
0.407
0.144
-0.030
0.032
0.225
0.504
0.445
0.184
-0.144
-0.543
-0.773
-0.665
-0.557
-0.416
-0.321
-0.227
-0.075
0.032
-0.135
-0.436
-0.354
-0.121
-0.018
0.108
0.052
-0.131
-0.419
-0.559
-0.573
-0.502
-0.256
-0.044
0.249
0.482
0.638
0.670
0.485
0.381
0.424
0.509
0.656
0.849
1.088
1.276
1.344
1.056
0.751
0.275
0.042
0.231
0.300
0.754
1.348
1.589
0.747
-0.282
-0.821
-0.759
-0.401
-0.030
0.244
0.228
0.011
-0.328
-0.672
-0.772
-0.760
-0.490
0.101
0.740
1.170
1.194
1.155
1.121
0.893
0.644
0.394
0.141
0.098
0.177
0.192
0.313
0.545
0.629
0.647
0.678
0.637
0.427
0.186
0.139
0.059
-0.028
0.045
0.242
0.712
0.966
0.850
0.529
0.190
-0.024
-0.279
-0.299
-0.271
-0.276
-0.228
-0.339
-0.596
-0.850
-1.107
-1.091
-0.869
-0.492
0.016
0.431
0.562
0.468
0.223
-0.033
-0.268
-0.396
-0.407
-0.324
-0.097
0.183
0.328
0.422
0.427
0.475
0.322
0.107
0.010
0.094
0.309
0.593
0.877
1.069
0.946
0.669
0.276
-0.010
-0.168
-0.198
-0.345
-0.725
-1.009
-0.882
-0.237
0.433
0.588
0.074
-0.717
-1.423
-1.747
-1.816
-1.545
-1.068
-0.464
0.134
0.603
0.821
0.788
0.681
0.440
0.235
0.115
0.160
0.288
0.408
0.451
0.372
0.251
0.170
0.235
0.329
0.378
0.325
0.218
0.088
-0.085
-0.178
-0.151
-0.156
-0.260
-0.343
-0.395
-0.515
-0.894
-1.231
-1.253
-1.057
-0.664
-0.461
-0.537
-0.683
-0.944
-1.221
-1.293
-1.131
-0.761
-0.276
0.125
0.260
0.025
-0.206
-0.311
-0.298
-0.268
-0.177
0.054
0.304
0.548
0.765
0.811
0.660
0.535
0.570
0.586
0.572
0.496
0.339
0.281
0.379
0.599
0.905
1.050
0.912
1.407
1.781
0.083
-0.649
-1.784
-2.043
-1.949
-0.702
-0.196
0.198
-0.932
-1.679
-1.781
-1.578
-1.360
-1.336
-1.255
-0.853
-0.282
0.130
0.301
0.298
0.332
0.352
0.314
0.142
0.007
-0.092
-0.092
0.135
0.299
0.308
0.425
0.642
0.785
0.917
0.879
0.666
0.486
0.560
0.479
0.147
-0.363
-0.863
-1.189
-1.351
-1.401
-1.320
-1.217
-1.148
-1.043
-1.021
-0.944
-1.052
-1.224
-1.337
-1.518
-1.047
-0.514
0.027
0.337
0.302
0.087
0.124
0.084
0.085
0.141
0.291
0.323
0.372
0.430
0.420
0.512
0.549
0.580
0.570
0.618
0.699
0.789
0.813
0.692
0.542
0.324
0.058
-0.205
-0.330
-0.490
-0.751
-0.944
-0.739
-0.895
-0.583
-0.343
-0.425
-0.822
-1.331
-1.609
-1.715
-1.609
-1.373
-0.922
-0.491
-0.118
0.187
0.354
0.497
0.504
0.367
0.198
0.061
0.019
-0.013
-0.028
0.176
0.420
0.623
0.674
0.630
0.535
0.397
0.266
0.487
0.582
0.424
0.069
-0.393
-0.707
-0.779
-0.717
-0.809
-1.000
-1.209
-1.235
-1.036
-0.878
-0.748
-0.870
-1.092
-1.297
-1.397
-1.114
-1.093
-0.623
-0.111
0.200
0.082
0.321
0.181
0.103
0.063
0.374
0.344
0.285
0.249
0.236
0.279
0.299
0.343
0.367
0.373
0.406
0.423
0.440
0.546
0.539
0.490
0.260
-0.139
-0.419
-0.449
-0.228
0.261
0.091
-0.695
-1.313
-1.689
-1.350
-0.635
-0.283
-0.339
-0.764
-1.137
-1.262
-1.122
-0.722
-0.422
-0.137
0.174
0.424
0.592
0.611
0.223
0.276
0.646
0.545
0.047
0.106
0.152
0.220
0.368
0.539
0.683
0.673
0.675
0.597
0.453
0.368
0.298
0.271
0.364
0.435
0.249
0.229
0.165
-0.085
0.374
0.099
-0.302
-1.396
-0.857
-0.282
-0.132
-0.286
-0.488
-1.014
-1.620
-1.769
-1.740
-1.190
-0.791
-0.435
-0.144
0.011
0.102
0.160
0.187
0.196
0.149
0.099
0.165
0.249
0.361
0.457
0.532
0.566
0.538
0.658
0.749
0.747
0.740
0.672
0.502
0.329
0.241
0.153
0.115
-0.099
-0.691
-1.211
-1.576
-1.514
-0.930
-0.365
-0.338
-0.632
-0.858
-1.120
-0.876
-0.709
-0.489
-0.259
-0.078
0.060
0.348
0.490
0.404
0.447
0.367
0.179
-0.049
-0.275
-0.303
-0.242
-0.088
0.098
0.357
0.642
0.732
0.683
0.438
0.250
0.249
0.304
0.275
0.093
-0.028
0.013
0.267
0.410
0.218
0.252
-0.418
-0.875
-1.413
-0.974
-0.322
-0.088
-0.221
-0.787
-1.236
-1.653
-1.628
-1.444
-0.880
0.050
0.438
0.693
0.572
0.505
0.366
0.280
0.217
0.216
0.309
0.460
0.517
0.498
0.446
0.385
0.442
0.606
0.772
0.892
0.893
0.737
0.537
0.245
-0.026
-0.229
1.907
1.175
0.324
-0.686
-1.810
-4.016
-2.411
-1.168
0.990
0.883
0.482
-0.685
-1.480
-2.153
-1.789
-1.229
-0.851
-0.445
0.264
0.781
0.917
0.871
0.769
0.609
0.427
0.266
0.183
0.105
0.155
0.254
0.376
0.489
0.501
0.396
0.276
0.048
-0.022
0.001
-0.084
-0.199
-0.172
-0.105
0.021
-0.077
-0.338
-0.551
-0.445
-0.164
-0.058
-0.081
-0.168
-0.308
-0.603
-0.818
-1.081
-1.390
-1.607
-1.615
-1.373
-1.056
-0.622
-0.127
0.104
0.147
0.117
0.018
-0.053
-0.001
0.143
0.184
0.261
0.285
0.416
0.507
0.518
0.456
0.472
0.501
0.507
0.533
0.517
0.519
0.493
0.344
0.120
-0.059
-0.264
-0.258
0.016
0.267
0.055
-0.562
-1.233
-1.586
-1.305
-0.780
-0.613
-0.746
-1.229
-1.591
-0.924
-0.778
-1.258
-1.693
-1.538
-1.374
-0.853
-0.456
0.035
0.193
0.238
0.183
0.104
-0.009
-0.113
-0.057
0.119
0.224
0.190
0.124
0.032
-0.106
-0.253
-0.345
-0.337
-0.452
-0.720
-0.946
-1.134
-1.172
-1.219
-1.046
-0.870
-0.677
-0.705
-1.062
-0.650
0.038
0.247
-1.357
-2.274
-3.047
-3.181
-4.161
-3.979
-3.671
-2.996
-2.393
-2.247
-2.374
-2.048
-2.097
-2.210
-2.309
-2.630
-2.361
-1.935
-1.944
-1.914
-1.858
-1.676
-1.498
-0.945
-0.595
-0.398
-0.271
-0.190
-0.160
-0.114
-0.046
0.027
-0.003
-0.026
-0.060
0.123
0.549
0.992
1.388
1.758
2.246
2.457
2.691
2.735
2.586
2.469
2.363
2.322
2.345
2.164
2.029
1.992
1.972
1.803
1.596
1.381
1.148
0.996
0.768
0.633
0.607
0.562
0.471
0.296
0.112
-0.058
-0.165
-0.287
-0.356
-0.519
-0.519
-0.514
-0.444
-0.369
-0.347
-0.265
-0.168
-0.031
0.104
0.180
0.189
0.066
-0.183
-0.473
-0.613
-0.056
0.564
0.825
0.815
0.490
0.154
0.010
0.087
0.215
0.324
0.520
0.780
0.878
0.797
0.557
0.242
0.007
-0.058
-0.135
-0.187
-0.297
-0.438
-0.601
-0.698
-0.819
-0.904
-0.974
-0.975
-1.009
-0.961
-0.929
-0.900
-0.828
-0.696
-0.601
-0.569
-0.466
-0.355
-0.360
-0.287
-0.342
-0.340
-0.195
-0.100
-0.080
0.035
0.362
0.853
1.308
1.416
1.200
0.996
0.926
0.868
1.029
1.126
1.031
1.049
1.196
1.283
1.315
1.239
1.069
0.777
0.470
0.443
0.419
0.550
0.178
0.215
0.082
0.171
0.113
0.065
0.085
0.161
0.249
0.212
0.098
-0.112
-0.348
-0.547
-0.623
-0.610
-0.548
-0.454
-0.404
-0.429
-0.460
-0.464
-0.411
-3.170
-4.004
-0.963
-0.220
0.196
1.403
3.542
2.801
1.569
0.648
0.258
0.763
-0.317
0.371
0.849
1.496
1.606
1.912
1.987
1.905
1.068
0.189
-0.176
-0.317
-0.418
-0.445
-0.361
-0.204
-0.115
-0.089
-0.076
-0.157
-0.315
-0.395
-0.449
-0.415
-0.455
-0.471
-0.407
-0.326
-0.343
-0.413
-0.549
-0.660
-0.707
-0.573
-0.312
-0.013
0.392
0.855
1.158
1.220
1.028
0.592
0.248
0.126
0.226
0.409
0.860
1.313
1.555
1.895
1.387
1.198
0.463
0.128
0.063
0.099
0.246
0.349
0.363
0.360
0.186
-0.024
-0.178
-0.268
-0.282
-0.251
-0.362
-0.480
-0.555
-0.603
-0.582
-0.542
-0.508
-0.571
-0.638
-0.471
-0.185
-0.034
-0.026
-0.411
-0.783
0.441
1.263
1.693
1.348
0.367
-0.003
0.181
0.691
1.291
1.702
1.883
1.612
1.224
0.920
0.685
0.295
0.038
-0.439
-0.188
-0.156
-0.166
-0.136
-0.151
-0.167
-0.123
-0.075
-0.039
-0.077
-0.079
-0.144
-0.299
-0.498
-0.598
-0.618
-0.611
-0.552
-0.450
-0.347
-0.282
-0.296
-0.244
-0.196
-0.077
0.220
0.668
0.890
0.885
0.664
0.324
0.049
0.078
0.536
0.891
1.178
1.486
1.596
1.413
0.889
0.502
0.219
0.040
-0.171
-0.259
-0.142
-0.145
-0.096
-0.034
-0.070
-0.178
-0.278
-0.416
-0.561
-0.630
-0.751
-0.803
-0.796
-0.683
-0.544
-0.549
-0.595
-0.591
-0.434
-0.265
-0.159
-0.096
-0.868
-0.872
0.112
1.274
1.771
1.776
0.753
0.086
0.118
0.514
0.982
1.219
1.298
1.015
0.909
0.796
0.594
0.465
0.395
0.098
0.175
0.360
0.360
0.151
-0.033
-0.096
-0.186
-0.255
-0.366
-0.503
-0.664
-0.800
-0.845
-0.834
-0.745
-0.609
-0.602
-0.656
-0.697
-0.622
-0.491
-0.131
0.132
0.131
0.097
0.398
0.765
0.852
0.649
0.244
-0.091
-0.363
-0.207
0.535
0.905
1.344
1.455
1.355
1.075
0.607
0.077
-0.452
-0.675
-0.701
-0.628
-0.531
-0.367
-0.250
-0.216
-0.170
-0.282
-0.452
-0.528
-0.520
-0.365
-0.235
-0.240
-0.394
-0.509
-0.556
-0.482
-0.434
-0.360
-0.187
-0.088
-0.075
-0.141
-0.171
0.189
0.571
0.805
0.829
0.510
0.302
0.398
0.773
1.311
1.700
1.783
1.583
1.384
0.977
0.352
-0.052
-0.132
-0.119
-0.326
-0.050
-0.057
-0.027
-0.028
-0.089
-0.192
-0.360
-0.454
-0.475
-0.547
-0.605
-0.543
-0.444
-0.355
-0.216
-0.121
-0.016
0.189
0.155
-0.128
-0.210
-0.023
-0.001
0.059
0.181
0.486
0.618
0.429
0.191
0.084
0.257
0.558
0.971
1.322
1.243
1.072
0.663
0.060
-0.173
-0.437
-0.381
-0.170
0.038
0.191
0.176
0.040
-0.113
-0.176
-0.172
-0.304
-0.404
-0.418
-0.442
-0.483
-0.538
-0.620
-0.599
-0.598
-0.564
-0.398
-0.150
0.010
0.136
0.233
0.178
0.288
0.589
0.682
0.547
0.361
-0.143
-0.189
-0.044
0.411
0.902
1.297
1.710
1.671
1.470
0.988
0.409
-0.078
-0.465
-0.673
-0.783
-0.742
-0.569
-0.351
-0.209
-0.071
-0.042
-0.121
-0.250
-0.389
-0.488
-0.605
-0.566
-0.579
-0.580
-0.607
-0.543
-0.326
-0.027
0.073
0.028
0.123
0.201
0.203
0.281
0.581
0.833
0.831
0.797
0.755
0.607
0.511
0.810
1.117
1.389
1.558
1.480
1.122
0.581
0.093
-0.149
-0.444
-0.059
0.034
-0.014
-0.188
0.104
-0.220
-0.149
-0.198
-0.198
-0.147
-0.198
-0.321
-0.494
-0.691
-0.843
-0.872
-0.700
-0.500
-0.312
-0.028
0.263
0.376
-0.292
-1.988
0.919
1.180
0.907
3.372
1.160
0.143
-0.458
-0.177
0.235
0.937
1.211
1.165
0.965
1.247
1.663
1.823
0.690
-0.409
-0.574
-1.174
-0.941
-0.734
-0.448
-0.194
-0.147
-0.134
-0.143
-0.152
-0.238
-0.343
-0.363
-0.422
-0.516
-0.481
-0.278
-0.055
0.254
0.461
0.537
0.673
0.820
1.223
1.521
1.622
1.787
2.051
2.418
2.607
2.543
2.193
1.979
2.009
2.179
2.446
2.668
2.828
2.463
2.258
1.546
0.958
0.714
0.736
0.853
0.977
1.088
1.066
0.946
0.716
0.414
0.143
-0.119
-0.244
-0.238
-0.298
-0.330
-0.290
-0.404
-0.461
-0.603
-0.682
-0.827
-0.695
-0.439
-0.221
-0.136
-0.085
-0.113
-0.179
-0.176
-0.610
-0.726
0.173
0.625
0.690
1.237
1.101
1.049
0.841
0.486
0.309
0.072
0.114
-0.507
-1.053
-1.409
-1.275
-1.360
-1.114
-1.033
-0.968
-0.601
-0.066
0.317
0.084
-0.257
-0.324
-0.424
-0.283
-0.335
-0.278
-0.462
-0.829
-0.611
-0.310
-0.186
-0.121
0.085
0.238
0.194
-0.336
-0.614
-0.606
-0.473
-0.378
-0.024
0.531
0.937
1.162
0.816
0.161
-0.393
-0.823
-1.212
-1.320
-1.400
-1.527
-1.054
-0.612
-0.189
0.087
0.246
0.182
0.016
-0.224
-0.563
-0.626
-0.634
-0.568
-0.343
-0.301
-0.231
-0.170
-0.142
-0.168
-0.234
-0.189
-0.045
-0.097
0.005
0.058
0.178
0.217
0.094
-0.040
-0.246
-0.590
-0.800
-0.780
-0.527
-0.323
-0.120
0.022
0.213
0.177
0.300
0.382
0.569
0.323
0.328
0.399
0.470
0.315
0.082
-0.060
-0.076
-0.014
-0.097
-0.130
-0.175
-0.183
-0.240
-0.132
-0.025
0.034
0.115
0.090
0.036
-0.034
-0.068
-0.102
-0.211
-0.439
-0.533
-0.456
-0.294
-0.030
-0.144
-0.234
-0.342
-0.336
-0.074
-0.285
-0.299
0.289
0.131
-0.141
-0.348
-0.598
-0.797
-1.033
-1.142
-1.149
-0.914
-0.328
0.087
0.463
0.629
0.650
0.427
0.235
0.107
0.130
0.185
0.329
-0.011
-0.219
-0.315
-0.361
-0.442
-0.409
-0.359
-0.448
-0.341
-0.352
-0.269
-0.146
-0.005
0.113
0.107
-0.054
0.101
-0.539
-0.872
-1.249
-1.011
-0.690
-0.647
-0.670
-0.820
-0.535
0.382
0.328
0.778
0.677
0.917
0.630
0.791
-0.108
-0.376
-0.402
-0.549
-0.647
-0.744
-0.724
-0.567
-0.774
-0.746
-0.484
-0.340
-0.055
-0.053
-0.108
-0.111
-0.366
-0.372
-0.166
-0.065
0.049
-0.008
-0.167
-0.119
-0.090
0.094
0.256
0.282
0.399
0.660
0.689
0.927
1.120
1.284
1.189
1.006
0.536
0.246
0.131
0.143
0.302
0.617
0.950
1.050
1.091
0.847
0.392
0.129
0.024
0.289
0.655
0.956
1.033
1.055
0.967
0.799
0.632
0.515
0.432
0.380
0.445
0.466
0.498
0.644
0.836
0.856
0.549
0.140
0.112
0.034
0.030
0.120
0.018
0.246
0.681
0.974
1.109
1.074
0.787
0.556
0.481
0.387
0.127
-0.333
-0.296
-0.172
-0.092
-0.149
-0.178
-0.198
-0.228
-0.314
-0.514
-0.729
-0.896
-0.910
-0.938
-1.003
-0.982
-0.932
-0.813
-0.774
-0.854
-0.916
-0.953
-1.086
-1.221
-1.245
-1.039
-0.790
-0.778
-0.816
-0.953
-1.103
-1.361
-1.567
-1.678
-1.805
-1.722
-1.629
-1.533
-1.476
-1.402
-1.365
-1.230
-0.965
-0.783
-0.696
-0.630
-0.536
-0.263
-0.018
-0.114
-0.160
-0.231
-0.270
-0.284
-0.393
-0.586
-0.555
-0.379
-0.080
-0.023
0.021
0.077
0.175
0.482
1.009
0.939
1.130
1.097
1.149
1.130
1.070
0.964
0.658
0.300
0.280
0.275
0.230
0.375
0.271
0.110
-0.013
-0.127
-0.109
-0.052
0.109
0.359
0.458
0.431
0.381
0.461
0.356
0.222
-0.076
-0.173
-0.188
-0.182
-0.048
-0.028
-0.008
0.113
0.107
0.009
0.023
-0.005
-0.135
-0.111
-0.217
-0.143
-0.072
-0.064
0.142
0.359
0.526
0.773
0.748
0.760
0.794
0.802
0.778
0.672
0.676
0.651
0.538
0.559
0.460
0.437
0.646
0.362
0.156
-0.025
0.036
0.272
0.304
0.247
0.160
0.148
0.174
0.340
0.372
0.293
0.221
0.118
-0.058
-0.162
-0.247
-0.245
-0.311
-0.396
-0.499
-0.476
-0.534
-0.513
-0.310
-0.185
-0.165
-0.167
-0.006
0.057
-0.147
-0.279
-0.284
-0.378
-0.341
-0.084
-0.201
-0.359
-0.397
-0.542
-0.543
-0.572
-0.317
0.044
0.478
0.876
1.253
1.461
1.554
1.662
1.334
1.221
1.183
0.790
0.297
-0.118
-0.191
-0.205
-0.240
-0.033
0.156
0.211
0.428
0.674
0.729
0.761
0.761
0.760
0.757
0.485
0.302
0.279
0.374
0.634
0.680
0.640
0.571
0.427
0.194
0.100
0.042
0.032
0.078
0.038
-0.025
-0.039
0.040
0.095
0.068
0.010
0.056
0.078
0.012
-0.088
-0.090
-0.170
-0.197
-0.150
-0.215
-0.240
-0.238
-0.248
-0.363
-0.409
-0.456
-0.424
-0.311
-0.237
-0.127
-0.063
-0.083
-0.109
-0.321
-0.444
-0.486
-0.506
-0.403
-0.226
-0.111
-0.128
-0.132
-0.173
-0.222
-0.259
-0.242
-0.258
-0.244
-0.185
-0.076
0.004
-0.028
-0.056
-0.096
-0.109
-0.100
-0.031
0.029
0.064
0.161
0.171
0.126
0.105
-0.003
-0.049
-0.142
-0.190
-0.224
-0.198
-0.103
-0.129
-0.124
-0.149
-0.074
-0.003
0.071
0.023
-0.118
-0.153
-0.126
-0.084
-0.081
-0.121
-0.116
-0.042
-0.097
-0.139
-0.191
-0.200
-0.168
-0.216
-0.271
-0.288
-0.337
-0.351
-0.276
-0.212
-0.195
-0.176
-0.181
-0.186
-0.181
-0.213
-0.337
-0.331
-0.210
-0.136
-0.057
0.024
-0.031
-0.085
-0.013
-0.002
0.084
0.072
0.054
0.046
0.037
0.032
-0.042
-0.103
-0.156
-0.177
-0.122
-0.086
-0.178
-0.231
-0.311
-0.328
-0.319
-0.209
-0.177
-0.175
-0.164
-0.105
-0.072
-0.039
-0.102
-0.105
-0.075
-0.054
-0.023
-0.030
-0.183
-0.274
-0.238
-0.125
-0.167
-0.268
-0.319
-0.178
-0.207
-0.155
-0.044
0.007
0.024
-0.056
-0.247
-0.396
-0.358
-0.314
-0.099
0.138
0.283
0.221
0.184
0.128
-0.057
-0.157
-0.172
-0.211
-0.194
-0.114
-0.250
-0.356
-0.320
-0.266
-0.207
0.038
0.162
0.307
0.402
0.391
0.282
0.230
0.190
0.122
0.064
0.015
-0.157
-0.399
-0.538
-0.381
-0.270
-0.121
-0.008
0.127
0.257
0.188
0.076
-0.018
-0.010
-0.055
-0.059
-0.078
-0.088
-0.096
-0.009
0.044
-0.012
0.011
0.087
0.045
-0.006
-0.027
-0.096
-0.138
-0.081
-0.023
-0.086
-0.121
-0.112
0.024
0.111
0.175
0.172
0.133
0.120
-0.009
-0.031
-0.009
-0.096
-0.128
-0.072
-0.050
0.072
0.215
0.416
0.525
0.531
0.507
0.504
0.410
0.345
0.281
0.136
0.034
0.021
0.151
0.318
0.359
0.478
0.446
0.458
0.387
0.329
0.267
0.180
0.254
0.294
0.319
0.366
0.276
0.163
-0.041
-0.283
-0.469
-0.453
-0.497
-0.413
-0.457
-0.551
-0.581
-0.559
-0.598
-0.688
-0.791
-0.881
-0.883
-0.880
-0.771
-0.664
-0.531
-0.309
-0.118
0.008
-0.049
0.032
0.202
0.242
0.502
0.586
0.709
0.900
1.256
1.201
1.258
1.125
0.981
0.637
0.505
0.358
0.314
0.529
0.743
0.469
0.300
-0.285
-0.942
-1.727
-2.116
-2.011
-1.883
-1.437
-0.705
-0.063
0.435
0.550
0.189
-0.044
0.347
0.575
0.583
0.434
0.048
0.034
0.361
0.531
0.145
-0.059
-0.532
-0.483
-0.219
-0.016
0.359
0.650
0.756
0.722
0.485
0.420
1.475
1.763
0.814
0.427
0.003
0.076
-0.030
0.067
-0.028
0.024
0.212
0.596
0.713
0.203
-0.182
-0.001
0.005
0.103
0.022
-0.145
0.151
0.175
0.131
-0.039
-0.068
-0.398
-0.342
-0.230
-0.561
-0.080
-0.204
-0.493
-0.585
-0.670
-0.184
-0.775
-0.319
-0.241
-0.091
0.167
0.395
0.307
0.307
0.376
0.536
0.630
0.664
0.642
0.733
0.684
0.911
1.095
1.178
0.962
0.641
0.345
0.037
0.099
0.191
-0.040
-0.299
-0.233
-0.814
-1.119
-1.278
-0.850
-0.928
-1.048
-0.745
-0.619
-0.322
-0.215
-0.232
-0.353
-0.239
-0.289
-0.182
-0.034
0.120
0.107
0.165
-0.011
0.014
0.060
0.022
0.211
0.262
0.392
0.493
0.405
0.328
0.231
0.070
0.158
0.213
0.317
0.289
0.186
-0.244
-0.497
-0.558
-0.462
-0.523
-0.373
-0.157
-0.194
-0.163
-0.120
-0.007
0.077
-0.070
-0.164
-0.295
-0.185
-0.756
-0.074
0.138
0.165
0.049
0.353
0.389
0.020
-0.183
-0.307
-0.314
-0.149
-0.328
-0.190
0.208
0.184
-0.130
-0.004
0.284
0.418
0.238
0.214
0.054
-0.672
0.498
1.048
0.270
0.766
0.515
-0.272
-0.169
-0.013
0.486
0.266
-0.721
-0.255
-0.222
-0.510
-0.834
-0.727
-0.430
-0.006
0.966
3.575
2.706
-0.067
-0.613
-0.196
-0.380
-0.170
-0.271
-0.404
-0.303
-0.007
0.048
0.157
0.432
0.299
-0.207
-0.778
-1.174
-0.154
0.643
0.496
0.419
1.540
1.425
1.161
1.079
0.456
0.426
-0.026
-0.457
-0.971
-1.192
-0.797
-0.290
0.223
0.163
-0.322
-0.979
-1.267
-1.225
0.136
0.020
-0.068
-0.109
-0.138
-0.174
0.068
-0.061
0.223
0.278
-0.108
-0.175
-0.012
-0.017
-0.005
0.171
0.089
-0.039
0.109
0.374
-0.060
-0.317
-0.363
-0.279
-0.244
0.072
0.143
0.135
0.010
-0.133
-0.374
-0.158
-0.070
0.014
0.169
0.335
0.148
0.229
-0.107
-0.158
-0.463
-0.375
-0.128
0.173
0.271
-0.031
-0.122
-0.107
0.060
-0.037
-0.068
-0.137
-0.292
-0.359
-1.355
-1.074
4.599
1.383
-0.103
-0.849
0.228
0.416
-0.699
-0.758
-0.091
0.147
-0.511
-1.054
-0.549
0.532
1.008
0.076
-0.093
-0.003
-0.122
-0.075
-0.088
-0.059
-0.058
-0.046
-0.062
-0.078
-0.078
-0.071
-0.055
-0.055
-0.052
-0.068
-0.081
-0.064
-0.054
-0.040
-0.028
-0.063
-0.054
-0.042
-0.056
-0.045
-0.047
-0.043
-0.036
-0.054
-0.030
-0.044
-0.039
-0.059
-0.026
-0.044
-0.024
-0.038
-0.030
-0.039
-0.048
-0.025
-0.019
0.002
-0.034
-0.034
-0.037
-0.013
-0.031
-0.054
-0.054
-0.056
-0.004
0.017
-0.011
-0.040
-0.048
-0.026
-0.002
-0.008
-0.025
-0.016
-0.041
-0.005
-0.001
-0.004
-0.039
-0.028
-0.011
-0.033
-0.021
-0.006
-0.003
-0.030
-0.027
-0.036
-0.008
-0.006
-0.006
-0.006
-0.034
-0.017
-0.037
-0.022
-0.022
-0.014
-0.045
-0.016
-0.008
-0.022
-0.005
-0.002
0.001
-0.018
-0.019
-0.018
-0.005
-0.010
0.003
-0.006
-0.014
0.001
0.005
-0.013
-0.035
-0.002
-0.005
-0.004
-0.018
0.010
-0.022
-0.024
-0.011
0.017
0.008
0.003
-0.017
-0.001
-0.004
0.001
-0.021
-0.009
-0.001
0.009
-0.012
-0.031
0.007
-0.007
-0.008
0.004
-0.005
-0.010
0.022
0.006
-0.018
-0.003
-0.012
-0.037
0.002
-0.013
0.009
0.009
-0.017
-0.006
-0.009
-0.005
0.003
-0.017
-0.025
-0.012
0.004
0.006
-0.000
-0.006
-0.013
-0.002
0.016
-0.013
0.002
-0.011
0.027
0.005
-0.009
-0.001
0.009
-0.020
-0.016
0.013
-0.007
0.001
-0.003
-0.024
-0.020
-0.005
-0.001
-0.008
-0.003
0.001
-0.013
-0.000
0.010
-0.000
0.016
0.015
-0.002
0.003
-0.035
0.010
0.002
0.000
0.001
-0.019
0.013
-0.004
0.009
-0.003
0.011
0.000
-0.011
-0.012
0.011
0.015
-0.010
-0.003
-0.002
0.002
0.005
0.008
0.006
0.004
-0.007
-0.007
0.002
0.004
0.021
0.004
-0.002
-0.013
0.002
-0.014
0.004
-0.010
0.000
0.012
0.004
-0.001
-0.010
-0.005
0.013
-0.003
-0.006
-0.016
0.008
0.002
-0.009
0.010
0.012
-0.003
0.004
-0.001
0.025
0.016
0.005
0.008
0.005
0.004
0.011
0.007
0.010
0.017
-0.008
0.002
-0.009
-0.002
0.014
-0.003
-0.003
0.002
-0.009
-0.016
-0.003
0.021
0.013
0.012
-0.003
0.006
0.013
-0.000
-0.009
0.008
0.002
0.003
0.001
-0.017
0.004
-0.012
0.003
0.002
0.011
0.008
-0.008
-0.008
0.019
0.005
-0.006
0.009
0.005
0.000
-0.001
-0.009
0.014
0.016
0.003
-0.016
-0.015
-0.004
0.005
0.009
0.003
0.008
0.008
-0.016
-0.012
-0.011
-0.001
0.003
0.008
0.002
-0.006
0.007
0.000
-0.000
-0.002
-0.010
0.024
0.018
0.012
0.014
0.011
0.002
-0.017
0.003
-0.002
0.010
0.000
-0.014
-0.009
-0.003
-0.012
0.007
0.017
-0.006
-0.011
-0.034
-0.000
0.013
0.010
0.007
-0.021
-0.016
-0.000
0.010
0.031
0.017
-0.006
-0.024
0.010
0.014
0.019
0.001
0.014
0.045
0.011
-0.065
-0.045
-0.051
-0.033
0.023
0.052
0.065
0.030
-0.029
-0.039
-0.023
0.037
0.043
0.024
-0.002
-0.061
-0.027
0.007
0.029
0.046
-0.008
-0.030
-0.033
-0.010
0.018
0.017
0.010
-0.002
-0.027
-0.022
0.018
0.029
-0.042
0.220
-0.030
-0.109
0.018
-0.016
0.019
0.024
-0.042
-0.013
-0.002
-0.020
0.018
0.006
-0.004
0.008
-0.010
-0.005
0.020
-0.000
-0.000
-0.001
-0.001
0.000
0.009
0.008
-0.002
-0.006
-0.016
-0.016
-0.007
-0.009
-0.004
0.007
0.002
-0.015
0.011
0.020
0.002
-0.003
-0.025
-0.002
-0.005
0.003
-0.017
-0.009
-0.008
-0.018
-0.010
-0.008
0.006
0.019
-0.019
-0.024
0.008
-0.000
-0.006
-0.014
-0.015
0.013
0.001
0.014
0.015
-0.012
-0.013
0.016
-0.009
-0.012
0.002
-0.015
0.013
0.027
0.026
0.014
-0.003
0.007
0.018
0.003
0.030
-0.003
-0.010
-0.003
-0.018
0.029
0.006
0.022
-0.025
-0.018
0.017
0.028
0.024
-0.006
0.008
0.025
0.015
-0.022
-0.022
0.029
0.033
-0.016
-0.026
-0.019
-0.001
0.028
0.036
-0.015
-0.013
-0.027
0.006
0.017
0.008
0.012
-0.015
-0.030
0.017
0.012
0.033
0.017
-0.005
-0.025
-0.032
0.003
0.022
0.001
-0.012
-0.008
0.023
0.010
0.026
-0.003
-0.008
-0.009
-0.010
-0.013
0.053
0.054
0.017
-0.033
-0.043
-0.001
0.022
0.036
0.011
-0.024
-0.024
-0.022
0.023
0.004
0.002
-0.010
-0.006
0.001
-0.000
0.020
-0.002
0.006
-0.006
0.013
0.010
0.013
0.003
0.015
-0.011
-0.023
-0.026
0.011
0.006
0.010
0.014
-0.021
-0.004
-0.006
0.010
0.017
-0.000
0.011
-0.022
-0.003
0.024
0.042
0.019
0.013
-0.034
-0.034
-0.007
0.031
0.019
0.017
-0.006
-0.019
-0.001
0.004
0.014
-0.007
0.006
0.010
-0.006
0.036
0.000
-0.014
0.020
-0.006
-0.006
0.018
0.003
0.006
-0.011
-0.004
0.010
-0.008
0.025
-0.021
-0.010
0.002
0.007
0.014
0.025
-0.004
-0.010
0.000
-0.000
0.021
-0.010
-0.003
-0.005
0.013
0.016
0.002
0.003
0.007
0.026
0.027
0.019
-0.020
-0.061
-0.043
0.018
0.031
0.034
0.000
-0.022
-0.014
-0.002
0.004
0.016
-0.022
-0.022
-0.005
-0.008
0.019
0.001
-0.010
-0.003
-0.006
0.006
-0.005
0.019
0.014
-0.011
0.002
-0.008
0.004
0.003
0.011
0.010
-0.013
-0.016
0.011
0.012
0.007
0.019
0.006
0.017
-0.007
-0.007
-0.003
0.029
-0.011
0.003
-0.019
0.003
0.005
0.018
0.010
-0.010
-0.004
0.017
0.022
0.003
0.019
-0.004
0.009
0.015
0.017
0.003
0.005
0.003
0.028
0.499
-0.672
0.245
0.338
0.219
0.396
-0.249
-0.457
-0.248
0.061
0.333
0.182
-0.090
-0.202
-0.069
-0.032
0.154
0.106
0.023
-0.090
-0.144
-0.052
0.001
0.057
0.038
0.009
-0.019
-0.061
0.035
-0.015
0.020
0.036
-0.006
-0.047
0.011
-0.004
0.020
-0.014
-0.049
-0.023
-0.025
0.006
-0.003
0.002
-0.006
0.004
-0.006
0.006
0.033
0.015
-0.001
-0.023
-0.010
-0.012
0.010
0.017
0.007
-0.027
-0.017
0.002
0.008
0.021
-0.011
-0.019
-0.030
0.098
0.019
-0.013
0.004
-0.025
-0.010
0.018
-0.008
0.017
0.018
-0.020
-0.003
0.019
0.004
-0.000
0.000
0.006
-0.008
-0.000
0.006
-0.020
-0.005
0.007
-0.006
0.017
-0.016
0.006
-0.013
-0.013
0.004
-0.009
-0.016
0.015
-0.012
0.003
-0.010
0.003
-0.006
0.020
0.020
0.027
-0.007
0.000
0.020
-0.016
-0.007
0.009
-0.013
-0.020
0.006
0.017
0.007
0.013
-0.021
-0.014
0.033
0.008
0.020
0.027
-0.047
-0.007
-0.011
-0.001
