0.000
0.004
-0.019
-0.022
0.007
-0.029
-0.007
-0.004
-0.021
-0.018
-0.046
-0.040
-0.010
-0.038
-0.013
-0.009
-0.033
-0.033
-0.011
-0.021
-0.029
-0.026
-0.030
-0.049
-0.021
-0.047
-0.032
-0.014
-0.039
-0.025
-0.032
-0.020
-0.029
-0.043
-0.037
-0.033
-0.040
-0.038
-0.044
-0.047
-0.050
-0.032
-0.018
-0.028
-0.056
-0.036
-0.047
-0.029
-0.042
-0.035
-0.041
-0.032
-0.028
-0.062
-0.039
-0.043
-0.040
-0.054
-0.040
-0.046
-0.009
-0.045
-0.028
-0.026
-0.024
-0.036
-0.043
-0.044
-0.037
-0.017
-0.051
-0.030
-0.031
-0.045
-0.037
-0.019
-0.030
-0.023
-0.003
-0.040
-0.015
-0.039
-0.044
-0.032
-0.008
-0.021
-0.036
-0.034
-0.027
-0.041
-0.028
-0.036
-0.022
-0.020
-0.034
-0.016
-0.008
-0.003
-0.039
-0.016
-0.027
-0.032
-0.024
-0.024
-0.029
-0.019
-0.042
-0.033
-0.017
-0.024
-0.020
-0.015
-0.007
-0.010
-0.024
-0.031
-0.032
-0.028
-0.014
-0.029
-0.028
-0.027
-0.030
-0.023
0.004
-0.037
-0.022
-0.018
-0.034
-0.012
-0.032
-0.023
-0.014
-0.013
-0.017
-0.010
-0.008
-0.039
-0.026
-0.041
-0.021
-0.026
-0.065
0.005
0.022
-0.045
0.024
-0.013
-0.019
-0.049
0.056
-0.034
-0.050
-0.004
-0.003
-0.018
-0.008
-0.015
-0.037
0.012
0.009
-0.007
0.024
-0.015
-0.020
0.007
-0.029
-0.014
-0.002
-0.003
-0.001
0.002
-0.012
-0.014
-0.019
-0.017
-0.035
0.010
-0.014
-0.023
0.020
-0.005
0.003
-0.004
-0.010
-0.000
-0.010
0.002
-0.009
0.007
0.073
-0.131
-0.128
-0.320
-0.926
-0.533
-0.003
1.901
0.785
0.396
0.196
0.541
0.129
-0.770
-0.673
0.392
1.210
1.250
-0.301
-1.388
-0.064
-0.225
-0.546
-0.298
0.066
0.309
0.469
-0.136
-0.592
-0.473
-0.452
-0.087
0.085
0.281
0.274
-0.015
0.582
0.230
1.245
-0.287
0.096
0.257
0.256
-0.657
-0.002
-0.399
-0.120
-0.190
-0.022
-0.050
0.045
-0.322
-0.280
-0.114
0.207
0.229
0.054
0.072
-0.016
-0.078
-0.331
-0.385
-0.524
-0.382
-0.329
-0.280
-0.385
-0.426
-0.280
0.002
0.137
0.334
0.340
0.245
0.204
0.102
-0.132
-0.299
-0.262
-0.177
-0.064
-0.179
-0.210
-0.238
-0.079
0.084
0.136
0.380
0.427
0.421
0.511
0.471
0.470
0.381
0.301
0.380
0.308
0.314
0.239
0.216
0.111
-0.037
0.083
0.001
0.050
0.033
0.029
0.014
0.048
0.018
0.031
0.021
0.021
0.003
0.037
0.026
0.014
0.025
0.022
0.021
0.018
0.029
0.025
0.023
0.031
0.029
0.018
0.013
0.015
0.011
0.025
0.015
0.035
0.016
0.016
0.018
0.008
0.010
0.013
0.019
0.012
0.018
-0.005
0.034
0.011
-0.004
-0.014
0.012
0.008
-0.006
0.017
0.029
0.010
0.020
0.018
0.014
0.009
-0.026
-0.061
0.021
0.068
0.012
-0.002
0.017
0.008
0.000
0.008
-0.002
-0.004
0.017
-0.003
0.011
0.026
0.020
0.002
-0.006
0.017
0.001
0.009
0.007
0.022
0.007
0.020
0.011
0.020
0.019
0.014
0.011
0.007
0.011
-0.000
0.013
-0.003
0.015
-0.005
0.014
0.016
0.017
-0.007
-0.000
-0.021
0.007
-0.002
-0.007
0.006
0.007
0.031
-0.029
-0.037
0.009
-0.008
0.021
-0.015
0.006
-0.053
-0.021
-0.184
0.019
0.059
0.110
0.068
0.013
-0.001
0.004
0.038
0.003
0.019
-0.014
-0.120
-0.378
-0.276
-0.069
0.089
0.112
0.084
0.142
-0.015
-0.040
0.017
0.054
0.175
0.198
0.184
0.037
-0.006
0.002
0.007
-0.002
-0.004
-0.005
-0.025
-0.006
0.016
0.007
-0.021
0.012
-0.008
-0.001
-0.008
-0.018
-0.020
-0.013
0.008
-0.021
0.029
-0.005
0.009
0.001
0.006
0.013
0.006
0.003
0.007
-0.004
-0.004
0.012
0.005
0.000
0.014
0.019
0.001
-0.019
0.001
0.016
0.003
0.000
-0.014
-0.012
-0.000
-0.001
-0.000
-0.024
-0.013
0.012
0.005
-0.025
-0.005
-0.009
0.032
0.104
0.142
0.154
-0.010
-0.047
-0.006
0.017
-0.151
-0.148
-0.148
-0.161
0.022
0.071
0.230
0.184
0.134
0.054
0.018
0.064
0.193
0.130
-0.029
-0.052
-0.038
0.051
0.077
0.025
-0.145
-0.178
-0.128
-0.178
-0.167
-0.167
-0.178
-0.021
-0.026
0.185
0.168
0.113
-0.041
-0.069
-0.008
-0.145
-0.046
0.081
0.244
0.476
0.385
0.322
0.539
0.260
-0.329
-0.323
-0.161
0.057
0.263
0.376
0.733
0.346
0.201
-0.173
-0.248
-0.409
-0.417
0.015
0.147
0.128
0.348
0.407
0.056
-0.020
-0.183
-0.045
-0.225
-0.207
-0.065
0.027
-0.121
0.131
0.081
0.026
0.056
0.286
0.142
0.039
0.107
-0.014
0.113
-0.115
-0.062
-0.012
0.032
0.109
0.092
0.130
0.186
0.091
0.178
0.086
0.022
-0.128
-0.108
-0.020
0.096
0.096
0.052
0.112
0.110
0.355
0.276
0.503
0.439
0.399
0.356
0.395
0.421
0.282
-0.040
0.081
0.106
0.014
0.102
0.050
0.094
0.040
0.059
0.045
0.055
0.052
0.057
0.047
0.051
0.049
0.036
0.046
0.038
0.056
0.018
0.052
0.028
0.034
0.045
0.031
0.055
0.038
0.035
0.025
0.050
0.016
0.043
0.026
0.026
0.048
0.040
0.023
0.023
0.023
0.017
0.028
0.037
0.015
0.031
0.015
0.014
0.030
0.025
0.001
0.015
0.007
0.019
0.018
0.008
0.015
0.022
0.019
0.009
0.032
0.031
0.024
0.018
0.003
-0.004
0.005
0.012
0.012
0.020
0.010
0.006
0.007
-0.002
-0.002
0.019
-0.008
0.011
-0.001
0.000
0.019
0.033
0.023
-0.008
0.017
0.002
0.016
0.018
0.027
-0.004
0.024
0.012
-0.024
-0.058
-0.032
-0.036
0.003
0.045
0.081
0.040
-0.028
-0.030
-0.074
-0.068
0.005
0.040
0.136
0.063
0.009
0.024
-0.010
-0.004
-0.002
0.013
0.003
-0.004
-0.028
-0.027
0.072
-0.031
0.020
-0.019
0.005
-0.013
0.008
0.003
0.008
0.003
-0.041
-0.027
-0.008
-0.001
-0.031
0.003
-0.019
-0.004
0.012
-0.002
-0.016
0.008
-0.022
-0.027
-0.011
-0.023
-0.028
0.013
-0.006
-0.019
0.038
-0.099
0.060
-0.036
0.024
0.029
-0.031
0.035
-0.033
-0.013
0.000
0.080
-0.069
0.038
0.028
0.142
-0.030
-0.222
0.212
0.444
0.746
0.896
0.104
-0.053
-0.240
-0.312
-0.035
0.057
0.146
0.046
0.215
0.019
0.148
-0.067
0.092
0.068
0.097
0.010
0.048
-0.045
-0.042
-0.139
-0.010
0.017
0.119
0.144
0.030
0.123
0.029
-0.117
-0.415
-0.350
-0.424
-0.474
-0.556
-0.460
-0.378
-0.406
-0.313
-0.326
-0.269
-0.111
0.016
-0.011
0.020
-0.072
-0.185
-0.285
-0.374
-0.325
-0.308
-0.335
-0.471
-0.493
-0.500
-0.582
-0.548
-0.565
-0.463
-0.171
-0.062
-0.040
-0.061
-0.058
-0.050
-0.036
-0.052
-0.073
-0.034
-0.050
-0.064
-0.064
-0.050
-0.025
-0.047
-0.047
-0.031
-0.045
-0.043
-0.058
-0.059
-0.047
-0.043
-0.056
-0.055
-0.033
-0.026
-0.025
0.022
0.126
0.141
0.182
0.169
0.059
0.072
-0.007
-0.005
-0.022
0.035
0.014
-0.100
-0.233
-0.305
-0.333
-0.312
-0.326
-0.255
-0.171
0.173
0.010
-0.038
-0.055
-0.022
-0.053
-0.027
-0.022
-0.031
-0.039
-0.038
-0.007
-0.039
-0.036
-0.013
-0.012
-0.035
-0.011
-0.014
-0.036
-0.033
-0.030
-0.046
-0.041
-0.031
-0.034
-0.029
-0.033
-0.020
-0.037
-0.040
-0.025
-0.025
-0.026
-0.011
-0.018
-0.016
-0.031
-0.017
-0.021
-0.003
-0.021
-0.018
-0.017
-0.003
-0.026
-0.019
-0.008
-0.011
-0.012
-0.001
-0.005
-0.014
-0.006
-0.012
-0.018
0.083
0.049
0.171
0.197
0.306
0.342
0.440
0.485
0.432
0.343
0.238
0.035
-0.175
-0.102
-0.353
-0.502
-0.388
-0.222
-0.521
-0.476
-0.707
-0.559
-0.683
-0.414
-0.454
-0.337
-0.421
-0.344
-0.313
-0.287
-0.323
-0.280
-0.114
-0.066
-0.061
0.076
0.456
-0.104
-0.077
0.343
0.090
0.171
0.192
0.150
0.038
0.061
0.201
-0.007
-0.003
0.234
-0.258
0.163
0.042
0.281
0.026
0.140
-0.023
0.152
0.191
0.137
0.108
0.112
0.182
0.141
0.286
0.263
0.251
0.321
0.105
0.145
0.131
0.127
0.080
0.184
0.044
-0.027
-0.023
-0.006
-0.045
0.009
-0.023
-0.008
-0.024
0.004
-0.003
-0.008
-0.008
-0.015
-0.007
-0.001
-0.016
-0.018
-0.013
0.013
-0.027
0.010
-0.008
0.006
0.001
-0.001
0.010
-0.012
0.016
-0.741
-0.386
-0.352
0.007
-0.055
0.119
0.047
0.087
0.068
-0.054
0.094
0.014
0.249
0.207
0.266
0.237
0.180
0.108
0.126
-0.020
0.030
-0.013
-0.005
0.015
0.029
0.013
0.027
0.021
0.019
0.005
0.002
0.006
-0.005
0.003
0.029
-0.002
-0.206
0.104
-0.476
0.126
-0.103
-0.035
0.065
-0.008
0.339
0.314
0.029
0.004
0.010
0.004
-0.008
0.015
-0.035
0.006
0.002
0.006
0.022
0.012
0.006
0.014
-0.002
0.011
0.010
0.008
0.017
0.017
-0.005
0.021
0.008
0.008
0.005
0.026
-0.002
0.001
0.013
0.022
0.018
0.015
0.011
-0.010
0.022
0.008
0.009
-0.000
0.013
0.019
0.002
0.006
-0.002
0.014
0.015
0.010
0.002
0.018
0.017
0.013
-0.013
-0.002
0.004
0.014
0.024
0.014
0.026
0.020
0.012
-0.000
0.005
0.018
0.019
-0.001
0.001
-0.007
-0.003
0.007
0.001
0.003
0.015
-0.003
0.009
0.002
0.015
-0.005
0.017
-0.009
0.013
0.019
-0.002
-0.231
0.158
0.005
-0.087
0.107
-0.050
0.023
0.001
0.054
0.015
0.046
0.027
0.002
0.003
0.003
0.013
0.017
0.006
0.007
-0.003
0.009
0.005
0.012
0.017
0.000
0.013
0.010
0.020
0.013
-0.007
0.006
0.023
0.006
0.031
-0.028
0.012
0.014
0.008
0.017
0.003
-0.001
-0.009
0.027
0.024
0.015
0.016
-0.000
0.025
-0.012
0.004
0.025
-0.011
-0.001
0.010
0.015
-0.001
-0.002
-0.007
0.047
-0.025
0.238
0.173
0.088
-0.004
-0.033
-0.045
-0.009
0.062
-0.014
0.061
-0.021
0.033
0.019
-0.132
0.070
-0.068
0.009
0.024
0.091
0.007
-0.052
-0.036
-0.146
-0.096
-0.060
-0.100
-0.141
0.091
-0.042
0.026
-0.008
0.013
0.021
0.017
0.021
0.017
-0.001
0.019
0.019
-0.003
0.019
0.013
0.005
0.026
0.016
-0.020
-0.005
0.014
0.024
-0.011
0.014
-0.010
0.006
0.012
-0.043
-0.034
0.042
0.061
-0.021
0.011
-0.004
0.039
0.003
-0.010
-0.014
0.004
0.006
-0.011
-0.008
0.010
-0.002
-0.006
-0.024
0.003
0.009
0.007
0.018
0.011
0.003
0.008
0.001
-0.006
0.015
0.003
-0.020
0.025
0.007
0.012
0.019
0.006
-0.009
0.005
-0.003
-0.016
0.014
0.012
0.000
-0.010
0.004
0.024
-0.001
0.001
-0.005
-0.013
-0.002
0.011
-0.007
-0.005
0.004
-0.004
0.010
0.010
0.018
0.007
0.019
0.001
-0.008
0.015
0.007
0.003
-0.001
0.018
0.010
0.008
0.014
0.015
0.001
0.016
0.007
0.009
0.015
0.008
0.010
0.011
-0.011
0.019
0.024
-0.012
0.013
0.010
0.005
-0.012
-0.001
0.010
-0.008
-0.020
0.013
0.011
0.008
0.017
0.001
-0.005
0.019
0.006
-0.003
0.010
0.030
0.005
0.011
-0.011
-0.016
0.008
0.002
0.004
0.015
0.006
0.012
0.003
-0.001
0.005
0.028
-0.007
0.001
-0.002
0.008
0.005
0.006
-0.012
-0.004
-0.002
-0.002
0.015
0.020
0.004
-0.023
0.008
0.001
0.008
0.015
0.001
-0.008
-0.004
0.006
0.017
0.025
0.002
0.002
0.011
0.005
0.012
0.008
-0.001
0.011
-0.002
-0.007
0.016
0.004
0.009
0.016
0.003
0.005
-0.001
0.031
0.013
0.007
0.022
0.006
-0.012
0.002
0.010
0.014
0.007
0.012
0.001
0.010
0.005
0.009
0.010
-0.003
0.007
0.011
-0.003
-0.001
0.011
-0.013
0.001
0.007
0.023
0.007
0.007
0.004
0.025
0.002
-0.002
0.009
0.003
0.012
-0.008
0.023
0.004
0.010
0.012
0.001
0.021
0.031
0.004
0.002
0.005
0.006
0.006
-0.000
0.005
0.005
0.009
0.013
-0.001
0.018
0.016
-0.000
-0.001
0.020
0.016
0.014
-0.007
0.000
-0.001
0.000
0.008
0.011
-0.003
0.019
0.005
0.002
0.016
-0.005
0.024
-0.004
-0.004
0.005
0.027
0.005
-0.006
0.013
-0.009
0.015
-0.009
0.021
0.006
-0.016
0.007
-0.023
0.004
-0.004
0.015
-0.007
0.019
0.017
0.003
0.006
-0.006
0.012
0.013
0.006
0.024
0.021
-0.012
0.019
0.006
0.020
-0.003
0.013
0.018
-0.004
0.025
0.022
-0.012
-0.007
0.051
-0.039
0.024
0.027
0.004
0.010
-0.013
0.020
0.030
-0.005
-0.015
0.037
0.004
0.003
0.025
0.001
-0.019
0.043
0.096
-0.213
0.139
-0.004
0.033
-0.021
-0.012
0.036
0.011
0.010
-0.047
0.012
-0.005
0.037
-0.020
0.008
0.018
-0.021
-0.002
-0.005
0.004
0.010
0.014
-0.007
0.017
-0.010
-0.006
-0.012
0.015
0.027
-0.007
0.001
-0.025
0.002
0.001
0.012
0.034
0.007
-0.038
-0.027
0.014
0.039
0.014
0.003
0.014
-0.007
0.005
-0.006
0.004
0.004
0.034
-0.013
-0.002
-0.010
0.015
0.005
-0.014
0.002
0.024
-0.016
-0.002
-0.019
-0.001
0.016
0.002
-0.002
0.003
0.024
-0.003
-0.004
-0.008
-0.027
0.016
0.017
0.007
0.003
0.005
-0.013
0.004
0.002
0.021
0.003
0.016
0.018
0.007
0.016
0.009
0.010
-0.002
-0.009
0.007
-0.005
-0.002
0.018
0.013
0.008
0.003
0.001
0.007
0.006
-0.004
0.022
0.009
0.019
0.004
0.020
-0.002
-0.012
0.001
0.002
0.010
0.003
0.003
-0.003
0.003
0.025
0.006
0.049
-0.027
0.059
0.011
-0.007
0.009
0.021
-0.014
-0.016
0.012
0.007
-0.006
0.008
0.021
0.001
0.027
0.013
0.011
-0.000
-0.000
-0.009
-0.008
0.003
-0.013
0.018
-0.005
0.008
-0.019
-0.013
0.008
0.001
0.017
0.002
-0.009
0.006
-0.022
0.018
0.007
0.011
-0.008
-0.003
0.013
0.000
0.006
0.008
-0.000
-0.011
0.001
-0.000
0.008
0.004
0.007
0.013
0.001
-0.012
0.014
0.003
0.007
0.008
-0.005
-0.002
-0.002
0.005
0.005
-0.002
0.014
-0.001
0.011
0.014
0.003
-0.023
0.008
-0.008
0.009
0.017
0.005
0.024
-0.018
0.024
0.005
0.017
-0.009
0.014
-0.012
0.009
0.017
-0.000
0.007
0.013
-0.000
0.009
0.021
-0.010
-0.006
0.005
-0.012
0.025
-0.004
-0.008
-0.002
0.002
-0.013
-0.007
0.004
0.006
0.026
0.024
-0.004
0.019
0.032
0.017
-0.004
-0.011
-0.029
0.001
0.014
-0.006
0.006
0.021
-0.014
-0.007
0.006
0.007
-0.018
0.025
0.005
-0.002
0.018
0.016
0.010
0.007
0.010
0.026
-0.005
0.005
-0.003
0.026
0.002
0.013
0.000
0.014
0.008
0.016
-0.013
-0.005
-0.005
0.005
0.008
-0.010
0.013
0.016
0.014
0.012
-0.008
0.005
0.027
0.018
-0.006
0.015
-0.010
0.001
0.002
0.009
0.006
-0.001
0.020
0.018
0.014
0.017
0.012
-0.004
-0.003
0.022
0.006
-0.006
0.010
0.025
0.002
-0.017
0.022
0.006
0.002
0.010
0.007
0.014
0.007
0.015
0.009
-0.007
-0.002
0.006
0.002
0.004
0.019
0.004
-0.001
0.014
0.010
0.017
-0.003
-0.001
-0.012
-0.008
0.018
-0.003
0.011
0.009
-0.058
0.058
-0.026
0.035
-0.039
-0.053
0.002
-0.037
-0.061
0.186
-0.150
0.147
0.084
0.310
0.169
-0.159
-0.369
-0.176
0.091
-0.028
0.194
0.214
0.333
0.414
0.274
-0.419
-1.343
-0.021
-0.038
0.065
0.137
0.161
0.217
0.170
0.336
-0.038
0.159
0.007
-0.516
-0.255
0.104
0.335
0.126
0.425
0.400
-0.215
-0.385
-0.202
-0.104
-0.187
0.120
0.263
0.020
0.017
0.061
0.168
0.194
-0.197
-0.267
-0.326
-0.104
-0.024
0.229
0.287
0.149
-0.001
-0.276
-0.224
-0.045
-0.137
0.036
0.039
0.055
-0.038
-0.069
-0.041
0.010
-0.004
-0.018
0.010
0.003
0.038
0.073
0.029
0.072
0.002
-0.015
0.143
0.145
0.099
0.144
-0.190
-0.044
-0.236
0.056
0.053
0.024
-0.040
-0.059
0.039
-0.035
-0.064
0.021
-0.018
-0.020
0.012
-0.058
-0.019
0.078
0.003
0.069
0.036
0.002
-0.037
-0.416
-0.375
0.269
-0.143
0.347
0.474
-1.187
1.422
-0.290
-0.265
0.150
-0.074
0.082
0.018
-0.010
0.015
0.019
0.030
0.023
0.044
0.013
0.002
-0.002
0.002
0.032
0.024
0.025
0.020
0.025
0.026
0.038
0.021
0.017
0.001
0.008
0.026
0.016
-0.002
0.016
0.016
0.004
0.002
0.010
0.023
0.007
0.018
0.007
0.003
0.002
0.011
0.025
-0.003
0.007
0.021
0.008
0.039
0.006
-0.007
0.017
0.028
0.031
0.015
0.013
-0.005
-0.043
0.212
-0.162
0.082
-0.082
0.022
0.083
-0.096
0.121
-0.064
0.068
-0.063
0.025
0.016
0.054
-0.071
0.038
-0.016
0.046
-0.048
-0.004
-0.075
-0.024
0.009
0.094
0.078
0.512
1.044
1.169
0.139
-1.052
-0.918
-0.065
0.289
-0.069
-0.184
-0.160
-0.253
-0.125
0.029
0.019
0.323
0.072
-0.408
-0.054
-0.025
0.128
0.274
0.297
-0.266
-0.215
-0.349
-0.176
-0.050
-0.042
0.078
0.195
0.191
0.146
0.023
0.155
-0.052
-0.021
-0.012
0.001
0.094
0.060
-0.096
0.025
0.027
0.032
0.016
0.001
-0.153
0.187
-0.068
0.054
0.007
-0.023
-0.029
0.014
0.010
-0.009
0.028
0.008
0.026
0.015
0.030
0.004
0.058
-0.022
0.021
0.017
0.014
-0.006
-0.043
-0.048
0.108
-0.020
0.036
-0.007
0.017
0.021
0.014
-0.004
-0.011
0.002
-0.017
0.012
0.009
0.007
-0.005
0.036
0.003
0.001
0.012
0.002
0.017
0.008
0.004
0.001
0.019
0.004
0.031
0.010
0.005
-0.004
-0.037
-0.021
-0.022
-0.007
0.020
0.008
0.023
0.017
-0.066
0.075
-0.050
0.033
-0.011
0.020
-0.015
0.020
-0.023
0.008
0.018
0.011
0.012
0.020
0.010
0.009
-0.012
0.006
0.025
0.007
-0.008
0.012
-0.004
-0.001
0.007
0.014
0.012
0.031
-0.003
-0.011
0.005
0.008
-0.001
0.012
0.018
0.018
-0.004
0.009
-0.008
0.004
0.008
0.032
0.012
0.009
-0.009
0.023
0.016
0.004
-0.000
0.052
0.117
-0.251
0.142
-0.089
0.152
-0.065
0.036
-0.022
0.019
-0.033
0.028
-0.009
0.003
0.008
-0.022
0.015
-0.021
-0.007
-0.000
0.014
0.020
0.017
0.000
-0.015
-0.006
0.020
0.008
-0.001
-0.024
-0.012
0.012
-0.008
-0.008
0.005
0.011
-0.001
-0.005
-0.010
0.009
0.012
-0.011
0.003
0.012
0.011
-0.000
0.011
0.015
-0.002
0.003
0.008
0.006
-0.003
0.014
0.012
0.016
-0.003
0.005
0.006
0.002
0.001
-0.016
-0.009
0.001
-0.003
-0.003
0.008
0.021
0.014
-0.007
0.009
0.008
0.022
0.015
0.022
0.009
0.008
0.006
0.016
0.007
0.002
-0.007
0.005
0.019
0.002
0.026
-0.008
0.010
0.003
0.006
0.002
0.002
0.018
0.006
0.014
-0.003
0.005
0.007
0.001
0.015
0.013
0.014
-0.006
0.013
0.004
0.018
0.007
0.021
0.014
0.004
0.017
-0.001
0.011
-0.000
0.003
0.001
-0.002
-0.005
-0.008
0.009
0.002
0.006
0.018
0.019
-0.006
0.014
0.013
0.026
-0.009
-0.029
0.048
-0.013
0.030
-0.043
0.014
0.011
-0.029
0.027
-0.045
0.022
0.014
0.028
0.000
0.016
-0.005
0.006
0.011
0.002
-0.000
0.005
0.001
-0.013
0.007
0.005
-0.016
0.003
0.007
0.021
-0.008
-0.006
0.003
0.005
-0.003
0.018
0.038
-0.004
0.009
0.009
0.003
0.027
0.015
0.003
0.002
-0.005
0.001
0.004
0.008
0.000
0.013
-0.006
-0.004
0.008
-0.013
0.022
0.014
0.015
0.002
0.003
-0.017
0.003
0.014
0.006
0.009
0.005
0.021
0.001
-0.005
0.006
-0.003
0.001
0.010
0.014
0.007
-0.002
-0.007
0.020
0.010
0.013
0.010
0.003
-0.000
0.003
0.006
0.016
0.019
-0.002
-0.002
0.003
0.012
0.018
0.002
0.014
0.007
0.006
0.009
0.006
0.004
-0.000
0.021
0.010
-0.002
0.007
0.031
0.017
0.011
0.017
0.013
-0.005
-0.008
0.028
-0.008
0.030
0.021
-0.001
0.023
0.012
0.013
0.006
0.020
0.011
-0.025
-0.005
-0.009
0.009
-0.003
0.001
0.016
0.005
-0.013
0.010
-0.002
0.034
0.011
0.011
0.011
-0.015
0.004
-0.009
-0.004
0.015
0.018
-0.004
-0.003
0.003
0.005
0.007
0.019
0.004
0.011
0.009
-0.015
-0.030
-0.008
-0.015
-0.003
-0.005
-0.006
0.010
0.012
0.008
-0.013
0.006
0.015
-0.003
0.017
0.006
0.022
0.006
0.001
0.012
0.005
0.009
0.010
0.004
0.005
0.001
0.013
0.010
-0.002
-0.001
0.000
0.005
0.012
-0.011
0.002
0.006
0.018
0.019
0.031
0.001
0.005
0.026
0.010
0.007
0.008
0.006
0.015
0.008
-0.006
0.001
-0.014
0.001
-0.006
-0.011
0.013
-0.008
0.031
-0.006
0.026
0.012
0.011
0.029
-0.019
0.011
0.017
0.015
-0.007
0.013
-0.004
0.016
0.007
0.002
0.000
-0.001
-0.065
-0.248
0.186
-0.142
0.063
-0.208
-1.703
-2.921
-2.468
-0.194
1.173
2.554
1.614
2.128
1.125
-0.172
-0.008
-0.148
-0.029
0.032
0.004
-0.082
-0.294
-0.097
0.054
-0.030
0.211
0.311
-0.103
-0.004
0.094
0.017
-0.012
0.069
0.856
0.985
0.436
0.325
0.352
-0.360
-1.484
-1.974
-0.610
0.168
0.068
0.002
0.382
0.709
0.492
0.190
-0.390
-0.334
-0.340
-0.345
0.076
0.334
0.502
0.845
0.697
0.538
-0.430
-0.974
-0.213
0.538
0.131
-0.041
-0.172
-0.192
-0.197
-0.345
-0.151
-0.006
0.264
-0.170
-0.421
0.039
0.146
0.773
0.559
0.199
-0.035
-0.371
-0.589
-0.693
-0.750
-0.097
0.076
0.213
0.132
0.134
-0.006
-0.197
-0.171
0.020
-0.003
0.079
0.070
-0.031
0.081
-0.097
-0.311
0.096
-0.301
-0.326
-0.260
-0.038
0.121
0.257
0.412
0.274
-0.013
-0.245
-0.141
0.080
0.198
-0.029
0.160
0.349
0.288
0.153
0.757
1.414
2.011
1.471
1.204
0.824
0.491
0.965
0.954
0.256
-0.302
-0.473
-0.516
-0.373
-0.161
0.162
0.300
0.079
-0.492
-0.749
-0.403
0.123
0.504
0.750
0.759
0.391
0.080
-0.142
-0.286
-0.201
0.089
-0.014
-0.439
-0.404
-0.312
-0.222
-0.249
-0.207
-0.283
-0.367
-0.454
-0.771
-0.879
-0.903
-0.690
-0.499
-0.267
-0.051
-0.018
0.163
0.596
0.667
0.439
-0.008
-0.630
-0.436
0.066
0.928
0.789
0.663
0.750
0.964
0.975
0.515
-0.131
-0.319
-0.392
-0.223
0.196
0.259
0.631
0.228
-0.065
-0.083
-0.170
-0.230
-0.011
-0.522
-0.692
-0.626
-0.743
-0.778
-1.103
-1.156
-0.454
-0.606
-0.739
-0.651
-0.524
-0.615
-0.404
-0.222
-0.292
0.059
0.210
0.075
0.127
0.167
-0.093
-0.200
-0.172
-0.093
0.201
0.534
0.511
0.338
0.065
-0.032
0.063
0.174
0.155
0.146
0.088
0.191
0.329
0.288
0.293
0.193
-0.258
-0.536
-0.586
-0.449
0.025
0.253
0.146
-0.104
-0.072
-0.105
0.073
0.255
0.200
-0.000
0.054
0.149
0.299
0.387
0.490
0.419
0.219
0.051
0.062
0.125
0.276
0.374
0.463
0.365
0.145
0.218
0.252
0.327
0.415
0.348
0.250
0.214
0.163
0.180
0.145
0.014
-0.043
-0.125
-0.053
0.049
-0.017
0.068
0.024
0.116
0.082
-0.052
-0.227
-0.318
-0.204
-0.285
-0.443
-0.602
-0.883
-0.815
-0.616
-0.394
-0.209
-0.326
-0.465
-0.536
-0.500
-0.292
-0.273
-0.223
-0.145
-0.129
-0.054
-0.142
-0.272
-0.271
-0.143
-0.006
0.089
0.057
-0.107
-0.153
-0.292
-0.325
-0.286
-0.208
0.421
0.182
0.204
0.137
0.189
-0.032
-0.207
-0.305
-0.039
-0.013
-0.066
0.122
0.309
0.477
0.542
0.216
-0.176
-0.497
-0.504
-0.166
0.180
0.362
0.265
-0.017
-0.176
-0.425
-0.604
-0.215
-0.038
0.063
-0.001
-0.039
0.067
0.322
0.486
0.575
0.583
0.562
0.771
0.658
0.677
0.697
0.739
0.942
0.874
0.244
0.254
0.353
0.175
0.195
0.186
0.222
0.325
0.616
0.765
0.581
0.081
-0.293
-0.390
0.056
0.519
1.073
1.113
0.686
0.269
0.450
0.012
0.019
0.126
0.369
0.435
0.342
0.156
-0.014
-0.069
-0.326
-0.574
-0.699
-0.649
-0.329
0.060
0.190
0.086
-0.033
-0.230
-0.432
-0.609
-0.794
-1.022
-1.211
-1.369
-1.479
-1.411
-1.253
-1.091
-1.057
-0.953
-0.849
-0.658
-0.409
-0.296
-0.268
-0.337
-0.357
-0.366
-0.344
-0.214
-0.009
0.207
0.202
0.110
-0.238
-0.602
-0.795
-0.905
-0.966
-0.881
-0.657
-0.469
-0.247
-0.125
-0.008
0.057
0.217
0.392
0.498
0.467
0.295
0.184
0.242
0.408
0.310
0.153
-0.010
0.074
0.287
0.385
0.398
0.271
0.219
0.273
0.240
0.287
0.305
0.307
0.291
0.348
0.319
0.280
0.241
0.179
0.077
-0.019
-0.071
0.005
0.090
-0.060
0.090
-0.108
0.349
0.438
0.389
0.294
0.260
0.317
0.395
0.401
0.335
0.338
0.323
0.356
0.325
0.390
0.451
0.374
0.127
-0.083
-0.149
-0.102
-0.032
0.113
0.511
0.558
0.172
-0.211
-0.392
-0.506
-0.444
-0.186
-0.050
0.044
-0.046
-0.181
-0.270
-0.279
-0.101
0.104
0.264
0.244
0.062
-0.073
-0.229
-0.333
-0.392
-0.380
-0.252
-0.094
-0.048
-0.160
-0.299
-0.357
-0.328
-0.289
-0.170
-0.065
-0.030
0.048
0.029
-0.106
-0.191
-0.161
0.060
0.324
0.567
0.591
0.358
0.027
-0.202
-0.266
-0.099
0.155
0.359
0.384
0.355
0.254
0.054
-0.101
-0.107
-0.028
-0.035
0.023
0.177
0.246
0.285
0.089
-0.046
-0.093
-0.132
-0.134
-0.205
-0.196
-0.194
-0.107
-0.144
-0.073
0.295
0.534
0.546
0.419
0.298
0.174
0.090
0.059
0.111
0.289
0.577
0.850
0.976
0.906
0.691
0.491
0.485
0.541
0.596
0.468
0.234
0.033
-0.039
0.029
0.201
0.314
0.319
0.295
0.230
0.104
-0.097
-0.407
-0.603
-0.564
-0.258
0.325
0.558
0.458
0.024
-0.552
-0.192
-0.139
-0.082
0.036
-0.012
-0.028
-0.105
-0.195
-0.191
-0.247
-0.332
-0.221
-0.005
0.258
0.352
0.398
0.262
0.118
0.257
0.060
-0.244
-0.389
-0.241
-0.139
0.120
0.381
0.609
0.843
0.795
0.578
0.199
-0.113
-0.053
0.225
0.437
0.575
0.693
0.715
0.589
0.478
0.281
0.121
0.143
0.311
0.345
0.063
-0.068
-0.314
-0.414
-0.288
0.070
0.393
0.539
0.574
0.484
0.323
-0.035
-0.184
-0.322
-0.478
-0.216
-0.066
-0.060
0.026
0.051
0.302
0.455
0.581
0.527
0.382
0.373
0.269
0.172
0.217
0.255
0.209
0.090
0.082
0.127
0.104
0.149
0.168
0.145
0.186
0.276
0.346
0.378
0.514
0.691
0.816
0.920
0.786
0.561
0.377
0.310
0.293
0.240
0.403
0.651
0.622
0.386
0.285
0.266
0.446
0.470
0.393
0.311
0.191
-0.000
-0.214
-0.442
-0.836
-0.896
-0.785
-0.660
-0.582
-0.392
-0.282
-0.209
-0.044
-0.106
-0.318
-0.282
-0.209
-0.172
-0.110
-0.047
0.056
0.125
0.017
-0.359
-0.694
-0.820
-0.749
-0.720
-0.683
-0.745
-0.747
-0.965
-0.740
-0.663
-0.669
-0.639
-0.448
-0.279
-0.133
-0.319
-0.267
-0.177
-0.186
-0.180
-0.163
-0.173
-0.137
-0.098
-0.107
-0.090
-0.084
-0.114
-0.134
-0.129
-0.041
-0.007
-0.038
0.011
0.131
0.214
0.221
0.088
0.076
0.188
0.238
0.213
0.256
0.213
0.195
0.067
-0.117
-0.160
-0.059
0.118
0.272
0.356
0.481
0.510
0.436
0.298
0.228
0.158
0.133
0.163
0.164
0.221
0.298
0.402
0.369
0.275
0.201
0.122
0.092
0.042
0.055
0.041
0.107
0.172
0.196
0.198
0.199
0.221
0.210
0.116
-0.010
-0.038
-0.002
0.026
0.027
0.075
0.134
0.108
0.156
0.114
0.112
0.157
0.218
0.204
0.203
0.270
0.312
0.312
0.271
0.337
0.412
0.401
0.370
0.212
0.131
0.118
0.224
0.227
0.155
0.071
0.018
-0.032
-0.064
-0.149
-0.135
-0.084
-0.086
-0.155
-0.237
-0.304
-0.311
-0.325
-0.293
-0.262
-0.287
-0.310
-0.254
-0.226
-0.129
-0.082
-0.075
-0.077
-0.048
-0.003
0.072
0.198
0.375
0.483
0.529
0.440
0.399
0.390
0.406
0.492
0.625
0.726
0.957
1.166
1.298
1.580
1.371
1.067
0.883
0.651
0.533
0.405
0.353
0.367
0.478
0.687
0.929
1.088
1.133
1.085
1.115
1.136
1.211
1.268
1.315
1.291
1.191
0.991
0.895
0.858
0.810
0.722
0.624
0.570
0.576
0.519
0.451
0.385
0.255
0.005
-0.192
-0.372
-0.413
-0.280
-0.018
0.225
0.233
-0.067
-0.452
-0.790
-1.045
-0.961
-0.760
-0.585
-0.562
-0.583
-0.725
-0.835
-1.010
-1.082
-0.967
-0.674
-0.301
0.018
0.169
0.172
-0.008
-0.301
-0.385
-0.361
-0.325
-0.269
-0.222
-0.054
0.133
0.258
0.184
0.032
-0.076
-0.105
0.001
0.215
0.324
0.375
0.372
0.429
0.464
0.316
0.102
-0.094
-0.103
0.063
0.245
0.392
0.332
-0.133
-0.702
-1.103
-1.374
-1.405
-1.215
-0.925
-0.743
-0.796
-1.005
-1.157
-1.291
-1.328
-1.181
-0.872
-0.419
-0.067
0.282
0.472
0.374
-0.004
-0.390
-0.584
-0.726
-0.742
-0.659
-0.439
-0.234
0.027
0.149
0.200
0.284
0.344
0.409
0.466
0.606
0.818
0.962
0.935
0.748
0.361
-0.065
-0.402
-0.292
-0.142
-0.284
-0.493
-0.685
-0.733
-0.694
-0.717
-0.774
-0.756
-0.750
-0.886
-0.964
-1.062
-1.027
-0.957
-0.802
-0.630
-0.315
-0.177
-0.140
-0.169
-0.248
-0.294
-0.262
-0.236
-0.085
0.084
0.388
0.681
0.798
0.763
0.611
0.346
-0.040
-0.383
-0.661
-0.470
0.036
0.435
0.708
0.539
0.044
-0.423
-0.596
-0.650
-0.826
-1.120
-1.444
-1.480
-1.312
-0.823
-0.205
0.148
0.098
-0.137
-0.537
-1.082
-1.329
-1.389
-1.107
-0.607
-0.038
0.486
0.928
1.184
1.177
0.942
0.634
0.285
0.086
0.017
0.035
0.079
0.167
0.266
0.274
0.177
-0.047
-0.257
-0.369
-0.263
0.017
0.380
0.813
1.091
1.035
0.510
0.011
-0.415
-0.480
-0.490
-0.632
-0.807
-0.984
-0.912
-0.662
-0.618
-0.719
-0.824
-0.904
-1.050
-1.211
-1.248
-1.142
-0.814
-0.487
-0.265
-0.163
-0.102
-0.194
-0.157
-0.288
-0.339
-0.360
-0.382
-0.321
-0.215
0.017
0.136
0.291
0.407
0.448
0.433
0.433
0.437
0.420
0.256
0.434
0.651
0.821
1.011
0.749
0.300
-0.075
-0.230
0.076
0.363
0.246
-0.343
-0.964
-1.160
-1.088
-0.783
-0.549
-0.712
-0.950
-1.141
-1.216
-1.286
-1.238
-1.000
-0.601
-0.112
0.378
0.762
0.954
0.881
0.783
0.697
0.663
0.684
0.638
0.531
0.423
0.313
0.238
0.192
0.187
0.177
0.157
0.063
0.036
0.059
0.088
0.038
-0.013
-0.137
-0.323
-0.548
-0.617
-0.652
-0.530
-0.616
-0.900
-1.120
-1.197
-1.103
-0.929
-0.629
-0.317
-0.138
-0.198
-0.440
-0.580
-0.671
-0.709
-0.642
-0.366
-0.188
-0.075
0.088
0.087
0.287
-0.092
0.007
0.071
0.037
0.128
0.282
0.211
0.259
0.457
0.397
0.166
0.040
0.077
0.103
0.247
0.659
0.918
0.865
0.419
-0.061
-0.210
-0.149
-0.047
-0.032
-0.219
-0.621
-0.981
-1.219
-1.167
-0.932
-0.668
-0.431
-0.418
-0.562
-0.861
-1.179
-1.385
-1.395
-1.198
-0.712
-0.155
0.351
0.699
0.919
0.895
0.747
0.587
0.493
0.550
0.507
0.455
0.369
0.257
0.181
0.201
0.153
0.053
0.105
0.119
0.225
0.358
0.362
0.235
0.412
0.467
0.533
0.304
-0.175
-0.422
-0.410
-0.516
-0.766
-0.876
-0.939
-0.863
-0.669
-0.402
-0.167
-0.125
-0.451
-0.935
-1.455
-1.657
-1.589
-1.184
-0.646
-0.074
0.171
0.297
0.184
-0.071
-0.244
-0.254
-0.160
-0.039
0.152
0.324
0.496
0.616
0.622
0.560
0.471
0.388
0.316
0.356
0.377
0.353
0.292
0.139
-0.108
-0.193
-0.109
0.005
0.111
0.180
0.112
-0.085
-0.358
-0.148
-0.290
-0.687
-0.703
-0.498
-0.466
-0.600
-0.851
-0.947
-0.898
-0.890
-1.056
-0.944
-0.761
-0.471
0.038
0.287
0.485
0.649
0.704
0.671
0.451
0.363
0.370
0.482
0.519
0.580
0.733
0.868
0.882
0.669
0.285
0.076
0.101
0.031
-0.060
0.107
0.135
0.432
-0.029
-0.430
-0.657
-0.835
-1.073
-1.178
-1.480
-1.180
-0.994
-0.805
-0.668
-0.609
-0.835
-1.150
-1.450
-1.760
-1.919
-1.936
-1.928
-1.930
-1.937
-1.705
-1.319
-0.891
-0.548
-0.462
-0.666
-1.001
-1.386
-1.524
-1.469
-1.314
-1.179
-1.098
-0.938
-0.900
-0.878
-0.883
-0.843
-0.808
-0.862
-1.030
-1.305
-1.504
-1.662
-1.552
-1.273
-1.378
-1.762
-2.304
-2.669
-2.437
-1.370
-0.885
0.106
0.097
-0.054
-0.144
-0.313
-0.514
-0.681
-0.773
-0.872
-0.902
-0.956
-1.186
-1.187
-1.094
-0.820
-0.440
-0.039
0.257
0.217
0.271
0.380
0.435
0.363
0.390
0.553
0.803
1.008
0.997
0.795
0.467
0.320
0.357
0.490
0.489
0.636
0.709
0.822
0.918
0.865
0.736
0.425
0.162
0.162
0.340
0.479
0.658
0.723
0.519
0.394
0.426
0.426
0.494
0.641
0.536
0.461
0.400
0.319
0.237
0.136
0.155
0.222
0.322
0.410
0.435
0.459
0.491
0.533
0.570
0.688
0.771
0.811
0.852
1.000
0.965
0.872
0.876
0.881
0.813
0.788
0.861
0.923
0.964
0.936
0.971
0.946
0.849
0.802
0.846
0.800
0.724
0.520
0.336
0.378
0.348
0.413
0.399
0.231
0.160
0.171
0.161
0.221
0.226
0.217
0.222
0.231
0.185
0.112
0.037
0.051
0.050
-0.001
-0.076
-0.213
-0.358
-0.462
-0.460
-0.427
-0.421
-0.544
-0.488
-0.468
-0.453
-0.489
-0.442
-0.339
-0.239
-0.189
-0.176
-0.106
-0.218
-0.338
-0.500
-0.610
-0.559
-0.484
-0.434
-0.401
-0.512
-0.555
-0.495
-0.343
-0.419
-0.401
-0.288
-0.268
-0.273
-0.372
-0.434
-0.395
-0.389
-0.374
-0.455
-0.558
-0.669
-0.638
-0.719
-0.784
-0.765
-0.724
-0.513
-0.356
-0.303
-0.391
-0.523
-0.536
-0.565
-0.554
-1.251
-0.583
-0.204
0.514
1.101
1.396
1.092
0.799
0.747
0.779
0.741
0.783
0.885
0.991
1.065
1.077
0.958
0.825
0.671
0.322
-0.286
-0.784
-0.367
-1.303
-0.826
-0.511
-0.333
-0.155
-0.093
-0.017
-0.163
-0.355
-0.525
-0.679
-0.774
-0.682
-0.567
-0.579
-0.672
-0.569
-0.454
-0.319
-0.273
-0.298
-0.254
-0.136
0.164
0.426
0.602
0.678
0.718
0.707
0.553
0.455
0.527
0.553
0.733
1.008
1.190
1.291
1.420
1.603
1.636
1.529
1.686
1.417
0.905
0.378
-0.001
-0.218
-0.284
-0.245
-0.057
0.095
0.135
0.073
0.100
0.122
0.125
0.026
-0.048
-0.170
-0.180
-0.102
-0.013
-0.034
-0.187
-0.435
-0.636
-0.513
-0.339
-0.208
-0.096
-0.058
-0.430
-0.575
0.282
1.141
1.559
1.838
0.921
0.418
0.407
0.740
1.197
1.678
1.592
1.420
1.157
0.870
0.462
0.108
-0.169
-0.313
-0.362
-0.234
-0.103
0.013
0.038
-0.031
-0.090
-0.164
-0.274
-0.387
-0.419
-0.398
-0.413
-0.388
-0.403
-0.416
-0.348
-0.343
-0.438
-0.383
-0.337
-0.031
0.390
0.584
0.671
0.826
1.114
1.382
1.582
1.591
1.588
1.501
1.475
1.747
2.278
2.803
3.057
2.760
2.192
1.378
0.678
0.282
0.081
0.024
0.167
0.261
0.352
0.426
0.372
0.293
0.077
-0.209
-0.435
-0.544
-0.573
-0.476
-0.342
-0.240
-0.187
-0.152
-0.022
0.102
0.199
0.242
0.167
0.104
0.069
0.241
0.631
1.028
1.422
1.632
1.543
1.150
0.725
0.635
0.562
0.946
1.161
1.456
1.514
1.053
0.231
-0.237
-0.325
0.001
0.318
0.342
0.069
-0.044
-0.108
-0.185
-0.271
-0.404
-0.445
-0.426
-0.307
-0.199
-0.099
-0.072
-0.176
-0.307
-0.509
-0.630
-0.617
-0.538
-0.388
-0.273
-0.246
-0.362
-0.601
-0.792
-1.024
-1.675
-1.031
-1.404
-0.710
-0.366
-0.259
-0.313
-0.404
-0.439
-0.632
-0.180
0.462
0.731
0.634
0.562
0.791
0.868
0.992
1.127
1.133
1.068
0.873
0.806
0.786
0.709
0.762
0.902
0.861
0.862
0.914
0.977
1.046
0.993
0.827
0.599
0.388
0.294
0.147
-0.060
-0.143
-0.235
-0.276
-0.238
-0.221
-0.224
-0.287
-0.391
-0.577
-0.693
-0.752
-0.715
-0.620
-0.631
-0.749
-0.854
-0.971
-1.123
-1.180
-1.272
-1.319
-1.236
-1.148
-1.115
-1.087
-1.127
-1.092
-1.022
-0.949
-0.827
-0.894
-1.045
-0.796
-0.278
-0.158
-0.270
-0.347
-0.530
-0.640
-0.658
-0.658
-0.461
-0.122
0.402
0.725
0.486
0.361
-0.073
-0.129
0.045
0.074
0.028
0.180
-0.079
-0.283
-0.380
-0.519
-0.675
-0.589
-0.593
-0.654
-0.860
-0.994
-1.059
-1.051
-0.955
-0.889
-0.801
-0.846
-0.847
-0.754
-0.674
-0.524
-0.419
-0.504
-0.654
-0.971
-0.952
-1.013
-0.433
-0.055
0.157
0.257
0.249
0.158
0.250
0.591
1.020
1.340
1.403
1.380
1.245
0.961
0.744
0.780
0.982
1.451
1.765
1.879
1.865
1.517
1.171
0.809
0.282
-0.091
-0.332
-0.224
-0.060
0.032
-0.015
0.039
-0.133
-0.305
-0.209
-0.481
-0.609
-0.296
0.153
0.501
0.854
0.622
0.211
-0.425
-0.782
-1.136
-0.405
0.382
1.014
1.430
1.619
1.341
-0.046
0.163
0.707
1.425
2.116
2.100
1.691
1.308
1.095
0.609
0.256
-0.530
-1.148
-1.368
-1.097
-1.059
-0.263
0.030
0.254
0.349
0.191
-0.397
-0.788
-1.256
-1.067
-0.495
-0.038
0.927
1.599
0.880
0.538
-0.017
0.074
-0.428
-0.960
-0.930
0.783
-1.377
0.333
5.261
-2.234
-0.881
-0.771
-1.012
-2.403
-0.029
-0.825
0.444
-0.888
-0.793
-0.602
-0.555
-0.514
-0.075
-0.182
0.140
-0.057
-0.078
0.439
2.155
2.045
3.039
2.474
2.321
1.727
1.197
0.818
0.578
0.552
0.792
1.070
1.383
1.671
1.725
1.422
1.460
0.929
0.439
0.122
-0.108
-0.161
-0.112
-0.094
0.052
0.017
-0.012
0.012
0.206
0.285
0.485
0.520
0.348
0.242
0.058
-0.253
-0.586
-0.724
-1.347
-1.480
-1.712
-1.539
-1.064
-0.453
0.050
0.433
0.413
0.310
0.286
0.446
0.694
1.089
1.563
1.424
1.353
2.127
1.280
1.035
0.836
0.463
0.061
-0.062
-0.015
-0.012
0.004
0.128
0.274
0.433
0.421
0.317
0.171
0.105
0.170
0.254
0.292
0.054
-0.314
-0.590
-0.780
-0.744
-0.612
-0.610
-0.407
-0.244
0.011
0.262
0.325
0.160
0.221
0.115
0.056
0.025
-0.035
0.031
0.379
0.749
0.820
0.612
0.080
-0.344
-0.464
-0.460
-0.144
0.163
0.382
0.527
0.629
0.716
0.613
0.443
0.235
-0.027
-0.231
-0.435
-0.503
-0.542
-0.524
-0.506
-0.531
-0.661
-0.785
-0.871
-0.925
-0.852
-0.696
-0.505
-0.489
-0.555
-0.669
-0.584
-0.389
-0.221
-0.041
0.121
0.221
0.237
0.222
0.074
0.018
0.228
0.597
1.021
1.508
1.844
1.929
1.679
1.239
0.812
0.524
0.430
0.355
0.314
0.420
0.545
0.716
0.918
1.054
1.125
1.033
0.944
0.879
0.701
0.482
0.258
0.139
0.034
0.095
0.121
0.055
0.127
0.252
0.318
0.224
-0.019
-0.216
-0.307
-0.333
-0.275
-0.216
-0.191
-0.133
0.112
0.336
0.421
0.300
0.071
-0.157
-0.286
-0.306
-0.183
0.030
0.205
0.276
0.133
-0.174
-0.418
-0.584
-0.600
-0.412
-0.255
-0.157
-0.195
-0.347
-0.414
-0.470
-0.502
-0.455
-0.408
-0.376
-0.319
-0.348
-0.469
-0.619
-0.739
-0.861
-0.950
-0.940
-0.881
-0.776
-0.629
-0.442
-0.275
-0.198
-0.232
-0.278
-0.339
-0.387
-0.423
-0.456
-0.482
-0.412
-0.290
-0.216
-0.111
-0.038
-0.051
-0.093
-0.100
-0.087
-0.040
-0.008
0.058
0.038
0.049
0.064
0.061
-0.003
-0.010
-0.018
-0.018
-0.025
-0.111
-0.196
-0.262
-0.229
-0.164
-0.103
-0.063
-0.043
-0.099
-0.166
-0.218
-0.241
-0.231
-0.149
-0.059
0.017
0.035
-0.006
-0.113
-0.194
-0.214
-0.216
-0.259
-0.239
-0.244
-0.227
-0.246
-0.266
-0.302
-0.235
-0.215
-0.247
-0.239
-0.277
-0.333
-0.352
-0.370
-0.405
-0.345
-0.276
-0.260
-0.274
-0.221
-0.093
-0.009
-0.014
-0.002
0.056
0.107
0.126
0.075
-0.010
-0.054
-0.132
-0.167
-0.155
-0.102
-0.022
0.016
0.026
-0.039
-0.051
-0.037
-0.023
0.035
0.063
0.076
0.152
0.107
0.013
-0.061
-0.069
-0.051
-0.020
0.055
0.136
0.197
0.207
0.123
0.035
-0.029
-0.121
-0.148
-0.093
-0.039
0.015
0.068
0.106
0.095
0.061
0.047
-0.029
-0.068
-0.085
-0.068
-0.009
0.091
0.189
0.144
0.100
-0.033
-0.211
-0.276
-0.254
-0.181
-0.096
-0.075
-0.051
-0.062
-0.061
-0.064
-0.109
-0.085
-0.060
-0.001
0.056
0.131
0.154
0.036
-0.087
-0.126
-0.172
-0.175
-0.184
-0.122
-0.041
0.046
0.148
0.183
0.155
0.097
-0.004
-0.141
-0.204
-0.226
-0.113
0.070
0.160
0.158
0.042
-0.177
-0.320
-0.367
-0.228
0.133
0.445
0.541
0.501
0.360
0.272
0.193
0.089
-0.048
-0.080
0.067
0.305
-0.146
0.029
0.359
-0.031
-0.132
0.203
0.258
0.180
0.167
0.165
0.253
0.340
0.324
0.287
0.069
-0.101
-0.205
-0.188
-0.105
-0.099
-0.157
-0.267
-0.233
-0.212
-0.296
-0.295
-0.284
-0.350
-0.365
-0.256
-0.176
-0.060
0.004
-0.012
-0.162
-0.233
-0.305
-0.281
-0.131
0.077
0.407
0.318
0.223
-0.064
-0.193
-0.137
-0.062
0.149
0.395
0.588
0.533
0.210
-0.130
-0.360
-0.487
-0.497
-0.483
-0.461
-0.436
-0.553
-0.637
-0.562
-0.407
-0.193
0.091
0.142
-0.084
-0.018
0.104
0.175
0.051
-0.164
-0.144
-0.055
0.092
0.407
0.500
0.569
0.558
0.578
0.585
0.515
0.452
0.417
0.504
0.569
0.616
0.553
0.421
0.279
0.106
-0.019
-0.041
-0.104
-0.059
0.098
0.190
0.366
0.421
0.386
0.375
0.314
0.169
-0.026
-0.193
-0.299
-0.325
-0.123
0.093
0.217
0.225
0.196
0.235
0.346
0.424
0.386
0.179
-0.056
-0.149
-0.183
-0.259
-0.355
-0.438
-0.514
-0.557
-0.550
-0.386
-0.241
-0.252
-0.333
-0.433
-0.521
-0.547
-0.635
-0.733
-0.830
-0.909
-0.914
-0.893
-0.847
-0.722
-0.562
-0.368
-0.235
0.024
0.322
0.560
0.572
0.495
0.272
-0.002
-0.180
-0.217
-0.127
-0.109
-0.177
-0.114
0.056
0.082
-0.150
-0.234
-0.339
-0.365
0.025
0.495
0.834
0.890
0.776
0.595
0.486
0.270
0.004
-0.151
0.008
0.210
0.219
0.165
-0.076
-0.381
-0.539
-0.598
-0.684
-0.830
-0.695
-0.539
-0.255
-0.073
0.066
0.188
0.207
0.239
0.188
0.246
0.413
0.459
0.334
0.196
0.050
0.037
0.059
0.079
-0.018
-0.169
-0.069
0.110
0.319
0.570
0.747
1.141
1.151
0.712
0.241
0.065
-0.001
0.022
0.007
-0.027
-0.216
-0.226
-0.220
-0.220
-0.239
-0.255
-0.256
-0.397
-0.633
-0.717
-0.623
-0.561
-0.605
-0.870
-0.808
-0.911
-1.230
-0.996
-0.846
-0.621
-0.098
0.034
0.210
0.322
-0.144
-0.232
-0.717
-0.743
-0.604
-0.404
-0.331
-0.286
-0.230
-0.244
-0.283
-0.371
-0.451
-0.650
-0.784
-0.786
-0.730
-0.667
-0.685
-0.676
-0.687
-0.808
-0.947
-0.998
-0.912
-0.773
-0.707
-0.689
-0.745
-0.799
-0.935
-0.956
-0.955
-0.893
-0.932
-0.941
-0.978
-1.015
-1.056
-1.057
-1.092
-1.044
-1.052
-1.009
-0.944
-0.852
-0.678
-0.565
-0.532
-0.507
-0.415
-0.326
-0.283
-0.298
-0.154
0.162
0.721
1.058
1.173
1.012
0.676
0.493
0.505
0.809
1.065
1.067
0.917
0.931
1.020
1.048
1.026
1.134
1.191
1.251
1.094
0.851
0.521
0.211
0.004
0.035
0.184
0.387
0.523
0.503
0.290
0.121
0.026
-0.026
-0.016
-0.045
-0.043
-0.033
-0.032
-0.061
-0.135
-0.219
-0.290
-0.391
-0.390
-0.319
0.012
0.286
0.387
0.389
0.485
0.716
1.019
1.182
1.061
0.822
0.605
0.656
0.792
1.004
1.237
1.321
1.236
1.236
1.018
0.353
-0.056
-0.668
-0.193
-0.346
-0.222
-0.035
0.066
0.166
0.123
-0.040
-0.207
-0.315
-0.265
-0.056
0.237
0.551
0.676
0.513
0.176
-0.195
-0.471
-0.592
-0.453
-0.221
0.057
0.289
0.467
0.563
0.562
0.501
0.567
0.549
0.463
0.331
0.331
0.400
0.641
0.909
1.081
1.354
1.488
1.333
1.137
1.027
0.832
0.472
0.059
-0.345
-0.516
-0.554
-0.491
-0.355
-0.139
0.144
0.251
0.137
-0.031
-0.171
-0.147
-0.135
-0.124
0.049
0.155
0.069
-0.057
-0.288
-0.473
-0.465
-0.382
-0.129
0.142
0.402
0.660
0.584
0.383
0.026
0.074
0.414
0.897
1.282
1.239
0.901
0.637
0.592
0.726
0.772
0.710
0.718
0.837
0.953
0.980
0.896
0.629
0.294
0.032
0.009
0.108
0.249
0.429
0.524
0.390
0.258
0.189
0.153
0.197
0.141
0.024
-0.024
0.016
0.127
0.236
0.205
0.124
-0.010
0.047
0.353
0.636
0.886
1.126
1.039
1.013
1.354
1.532
1.353
1.021
0.726
0.714
0.974
1.323
1.625
1.867
1.794
1.482
1.245
0.927
0.631
0.433
0.188
0.035
-0.160
-0.306
-0.434
-0.429
-0.346
-0.249
-0.136
0.131
0.187
-0.060
-0.320
-0.432
-0.473
-0.379
-0.258
-0.324
-0.231
-0.075
-0.134
-0.342
-0.672
-0.723
-0.555
-0.190
0.214
0.582
0.895
0.907
0.785
0.670
0.628
0.577
0.670
0.720
0.552
0.309
-0.095
-0.424
-0.302
-0.184
-0.234
-0.309
-0.167
-0.087
-0.048
0.090
0.263
0.290
0.271
0.080
-0.172
-0.368
-0.469
-0.501
-0.421
-0.436
-0.350
-0.149
-0.032
-0.113
-0.141
-0.194
-0.289
-0.227
-0.108
-0.165
-0.117
0.205
0.557
1.045
0.978
0.430
0.017
-0.360
-0.406
-0.042
0.228
0.646
1.086
1.237
1.308
1.107
0.901
0.902
0.817
0.584
-0.116
-0.508
-0.681
-0.746
-0.619
-0.434
-0.376
-0.263
-0.247
-0.205
-0.122
-0.227
-0.121
-0.114
-0.169
-0.275
-0.165
-0.173
-0.043
0.034
-0.195
-0.311
-0.093
-0.005
-0.314
-0.435
0.816
0.836
0.306
-0.130
-0.500
-0.408
-0.276
-0.546
-0.394
-0.510
-0.616
-0.344
-0.150
-0.560
-0.704
-0.296
0.177
-0.016
-0.246
-0.544
-0.006
0.378
0.332
-0.287
-0.683
-0.566
-0.379
-0.252
-0.117
-0.059
-0.082
-0.216
-0.267
-0.208
-0.299
-0.298
-0.157
0.028
0.057
0.153
0.163
0.233
0.496
0.453
0.201
-0.026
-0.362
-0.706
-0.561
-0.048
0.488
1.128
1.406
1.537
1.651
1.221
0.701
0.503
0.279
-0.024
-0.235
-0.141
0.168
-0.129
0.077
0.132
0.368
0.350
0.187
-0.092
-0.197
-0.290
-0.213
-0.106
0.137
0.107
0.002
-0.111
-0.281
-0.523
-0.483
-0.419
-0.236
-0.315
-0.079
0.395
0.665
0.829
0.935
0.559
0.435
0.268
0.147
-0.100
-0.341
-0.639
-0.728
-0.572
-0.283
-0.034
0.037
0.130
0.049
0.108
0.135
0.213
0.236
0.184
-0.003
-0.131
-0.419
-0.367
-0.220
-0.155
-0.231
-0.384
-0.363
-0.308
-0.186
0.001
-0.040
0.005
-0.019
-0.063
-0.316
-0.318
-0.137
0.303
0.685
0.615
0.216
-0.438
-0.921
-0.856
-0.176
0.407
0.888
1.024
1.586
1.302
0.895
0.261
-0.301
-0.417
-1.290
-0.882
-0.606
-0.562
-0.425
-0.210
0.062
0.035
-0.060
-0.140
-0.150
-0.078
0.083
0.189
0.188
0.147
0.068
-0.109
-0.229
-0.294
-0.145
-0.043
-0.049
-0.068
-0.095
-0.325
0.270
0.607
1.010
0.850
0.482
0.249
0.183
0.146
0.039
-0.152
-0.374
-0.509
-0.522
-0.325
-0.155
-0.068
0.054
0.280
0.516
0.638
0.550
0.606
0.641
0.664
0.267
-0.000
0.026
0.086
0.086
0.062
0.123
0.110
0.104
0.125
0.010
-0.058
-0.176
-0.320
-0.342
-0.395
-0.538
-0.320
-0.012
-0.037
0.192
-0.432
-1.283
-2.028
-1.680
-0.897
-0.281
-0.093
0.136
0.397
0.310
0.433
0.357
0.149
-0.164
-0.288
-0.254
-0.212
-0.133
-0.147
-0.054
0.053
0.072
0.095
0.114
0.257
0.340
0.358
0.313
0.415
0.403
0.356
0.251
-0.021
-0.248
-0.327
-0.177
-0.091
-0.077
-0.012
0.164
0.257
0.363
0.561
0.403
0.318
0.091
-0.273
-0.465
-0.586
-0.468
-0.658
-0.568
-0.332
-0.190
-0.080
0.052
0.028
0.102
0.251
0.304
0.456
0.490
0.387
0.248
-0.135
-0.391
-0.455
-0.284
0.028
0.072
0.351
0.550
0.428
0.109
-0.188
-0.238
-0.260
-0.205
-0.208
-0.260
-0.243
-0.038
0.147
0.094
0.271
-0.145
-0.504
-0.974
-0.941
-0.468
0.086
0.460
0.812
0.803
0.702
0.630
0.450
0.004
-0.516
-0.936
-0.905
-0.914
-0.786
-0.586
-0.414
-0.236
-0.151
-0.056
0.046
0.101
0.290
0.331
0.298
0.157
0.142
0.161
0.068
-0.022
-0.111
-0.328
-0.315
-0.419
-3.373
0.496
0.060
0.960
0.807
1.656
1.091
0.504
0.675
0.359
-0.268
-0.162
-0.240
-0.199
-0.140
-0.228
-0.229
-0.244
-0.178
-0.095
0.181
0.474
0.410
0.421
0.343
0.325
0.278
0.209
0.007
-0.053
-0.123
-0.225
-0.213
-0.204
-0.181
-0.126
-0.126
-0.057
0.034
0.109
0.094
0.192
0.298
0.306
0.385
0.526
0.224
-0.226
-0.694
-0.836
-0.745
-0.521
-0.119
0.471
0.910
1.083
0.972
0.850
0.929
0.833
0.364
-0.132
-0.611
-0.703
-0.754
-0.639
-0.486
-0.282
-0.193
-0.171
-0.028
-0.064
-0.217
-0.142
-0.122
0.021
0.216
0.340
0.342
0.331
0.176
0.057
-0.048
-0.127
-0.184
-0.002
0.160
0.428
0.519
0.643
0.647
0.609
0.726
0.742
0.432
0.011
-0.175
-0.118
0.055
0.158
-0.079
0.094
0.132
0.091
0.025
0.235
0.231
0.193
0.528
0.895
1.054
1.189
1.184
1.161
1.075
0.891
0.837
0.845
0.725
0.488
0.368
0.361
0.661
0.920
1.088
1.284
1.244
0.999
0.912
0.859
0.878
0.816
0.764
0.396
0.317
0.360
0.196
0.682
1.454
1.494
0.349
0.710
0.217
-0.619
-1.295
-2.065
-1.407
-1.337
-0.975
-0.994
-1.639
-2.106
-2.564
-2.782
-2.766
-2.480
-1.848
-1.442
-1.326
-1.735
-2.473
-3.312
-3.750
-3.765
-3.440
-2.828
-2.234
-2.122
-1.946
-1.794
-1.765
-1.840
-1.737
-1.814
-1.937
-2.034
-2.086
-2.100
-2.069
-1.979
-1.927
-1.779
-1.533
-1.106
-0.643
-0.262
-0.005
0.263
0.463
0.647
0.844
0.994
1.035
1.052
1.009
0.889
1.003
1.162
1.283
1.453
1.633
1.713
1.753
1.753
1.685
1.640
1.539
1.542
1.433
1.372
1.294
1.220
1.182
1.142
1.032
0.830
0.803
0.783
0.758
0.684
0.701
0.840
0.885
1.063
0.552
0.207
0.127
0.283
0.564
0.704
0.967
0.917
0.807
0.701
0.693
0.626
0.479
0.455
0.377
0.311
0.319
0.496
0.566
0.329
0.353
0.369
0.483
0.550
0.496
0.382
0.294
0.276
0.234
0.221
0.155
0.176
0.233
0.273
0.198
0.139
0.054
-0.002
0.168
0.158
0.391
0.345
0.284
0.305
0.384
0.331
0.164
-0.084
-0.388
-0.653
-0.752
-0.433
0.014
0.462
0.505
0.138
0.055
-0.004
-0.331
-0.601
-0.764
-0.669
-0.333
0.085
0.488
0.449
0.632
0.309
0.408
-0.126
-0.115
-0.243
-0.207
-0.232
-0.351
-0.470
-0.470
-0.418
-0.230
-0.271
-0.408
-0.398
-0.351
-0.373
-0.245
-0.182
0.008
0.216
0.256
0.267
0.182
2.228
-0.088
-0.066
-0.214
-0.698
-1.567
-0.594
-0.278
-0.299
-0.540
-0.755
-0.841
-0.440
-0.328
0.260
0.551
0.473
0.421
0.472
0.444
0.127
0.155
-0.005
-0.284
-0.348
-0.354
-0.234
0.049
0.374
0.552
0.704
0.688
0.533
0.345
0.218
0.163
0.160
0.159
0.060
0.088
0.047
0.173
0.400
0.340
0.210
0.162
0.050
0.040
-0.131
-0.265
-0.177
0.328
0.791
1.150
1.064
0.878
0.458
-0.006
-0.574
-0.759
-0.811
-0.815
-1.101
-0.892
-0.060
0.295
0.419
0.555
0.546
0.540
0.517
0.464
0.533
0.416
0.256
-0.002
0.082
-0.454
-0.506
-0.529
-0.630
-0.236
-0.269
0.008
-0.042
-0.010
0.123
0.163
0.353
0.298
0.374
0.707
0.046
-0.739
-1.127
-1.284
-0.739
-0.572
-0.493
-0.454
-0.256
0.023
0.369
0.438
0.761
0.827
0.753
0.707
1.024
0.516
0.574
-0.105
-0.539
-0.520
-0.420
-0.371
-0.341
-0.190
-0.021
0.005
0.060
0.067
0.060
0.002
-0.040
-0.123
-0.114
0.019
0.070
0.165
0.073
0.099
0.262
0.171
0.097
-0.111
-0.396
-0.492
-0.532
-0.094
0.446
1.040
1.466
1.457
0.739
0.358
0.157
0.259
-0.150
-0.123
-0.509
-0.567
-0.315
-0.125
-0.204
0.011
0.070
0.303
0.394
0.330
0.277
0.140
0.022
-0.036
-0.097
-0.248
-0.230
-0.158
-0.220
-0.389
-0.548
-0.434
-0.408
-0.449
-0.508
-0.332
-0.083
-0.000
0.088
-0.244
-0.304
-0.535
-0.622
-0.426
-0.042
-0.057
0.083
0.066
0.165
0.476
0.742
0.795
0.588
0.495
0.464
0.345
-0.031
-0.124
-0.172
-0.686
-0.872
-0.818
-0.806
-0.838
-0.577
-0.338
-0.114
0.106
0.141
0.135
0.097
0.120
0.193
0.115
0.113
0.075
0.028
0.028
0.108
0.067
0.101
0.144
0.244
0.263
0.206
0.187
0.366
0.680
0.902
0.930
0.808
0.537
0.709
0.643
0.438
0.212
0.015
-0.100
-0.057
0.161
0.239
0.266
0.193
0.153
0.119
0.015
-0.007
-0.068
-0.133
-0.190
-0.375
-0.581
-0.753
-0.870
-0.918
-0.889
-0.762
-0.577
-0.515
-0.415
-0.398
-0.508
-0.206
0.084
0.276
0.439
0.178
0.031
-0.191
-0.352
-0.182
0.075
0.214
0.215
0.260
0.443
0.673
0.913
0.893
0.755
0.470
0.292
0.278
0.063
0.322
-0.221
-0.292
-0.349
-0.371
-0.230
-0.098
-0.086
-0.018
0.167
0.299
0.279
0.233
0.021
-0.105
-0.337
-0.268
-0.097
0.106
0.425
0.630
0.384
-0.135
-0.498
-0.711
-0.762
-0.705
-0.284
0.132
0.651
1.041
0.608
0.189
-0.347
-0.417
-0.862
-1.081
-1.155
-0.991
-0.432
0.482
0.713
0.810
0.801
0.737
0.637
0.512
0.375
0.256
0.234
0.192
0.188
0.188
0.145
0.218
0.240
0.136
0.033
0.163
0.205
0.207
0.295
0.390
0.565
0.424
0.047
-0.343
-0.594
-1.001
-1.397
-1.455
-1.117
-0.667
-0.285
-0.038
0.141
0.285
0.091
0.585
0.338
0.155
-0.108
-0.336
-0.349
-0.243
-0.181
-0.233
-0.322
-0.298
-0.239
-0.097
-0.044
-0.030
-0.034
0.049
0.138
0.269
0.286
0.248
0.302
0.379
0.207
0.164
0.160
0.132
0.034
-0.100
-0.136
-0.168
-0.209
-0.038
0.158
0.474
0.836
0.998
0.918
0.663
0.083
-0.348
-0.516
-0.969
-1.018
-0.755
-0.451
-0.079
0.223
0.780
0.670
1.027
0.790
1.068
0.473
0.718
0.430
0.345
0.450
0.300
0.222
0.178
0.217
0.233
0.134
0.110
0.145
0.340
0.383
0.457
0.505
0.773
1.042
-0.542
-0.668
0.096
-0.755
-1.663
-0.887
-0.544
-0.552
-0.573
-0.262
0.169
0.662
1.061
1.089
0.560
0.470
0.358
0.965
1.136
0.641
0.686
0.445
0.309
0.285
0.616
0.263
0.075
0.387
0.717
0.931
1.099
1.089
1.170
1.221
1.298
1.424
1.346
1.210
1.056
1.029
1.002
1.318
1.531
1.701
1.629
1.623
1.407
0.868
0.413
0.084
-0.002
0.190
0.381
0.378
0.127
-0.209
-0.487
-0.417
-0.723
-0.365
0.109
0.582
0.889
0.793
0.371
-0.126
-0.374
-0.441
-0.409
-0.274
-0.146
-0.017
0.074
0.101
0.052
0.001
0.037
0.079
0.162
0.244
0.223
0.153
0.199
0.174
0.046
-0.241
-0.385
-0.280
-0.089
0.281
2.208
-0.129
-1.541
-2.290
-1.884
-0.589
-0.265
-0.334
-0.571
-1.002
-1.286
-1.358
-1.200
-0.891
-0.359
-0.441
0.409
0.288
0.158
-0.123
-0.472
-0.739
-0.984
-0.956
-0.566
-0.152
0.197
0.676
1.007
1.190
1.207
0.899
0.581
0.214
0.069
0.110
0.209
0.345
0.355
0.268
0.061
-0.134
-0.365
-0.520
-0.778
-0.767
-0.538
-0.381
-0.483
-0.569
-0.911
-1.328
-1.457
-2.336
-2.183
-1.366
-0.828
-0.084
0.282
0.249
0.072
-0.145
-0.327
-0.431
-0.256
-0.068
0.097
0.256
0.341
0.371
0.432
0.451
0.498
0.534
0.501
0.412
0.342
0.260
0.221
0.240
0.171
-0.064
-0.442
-0.758
-0.720
-0.536
-0.615
-0.684
-0.631
-0.523
-0.523
-0.691
-0.821
-0.916
-1.168
-1.405
-1.493
-1.381
-1.279
-1.099
-0.881
-0.418
-0.098
0.106
0.176
0.525
0.410
0.375
0.276
0.173
0.070
0.080
0.195
0.380
0.558
0.523
0.503
0.511
0.572
0.613
0.618
0.479
0.219
0.137
0.197
0.202
0.065
-0.138
-0.238
-0.527
-0.841
-0.548
-0.746
-1.302
-0.962
-0.861
-0.740
-0.824
-1.298
-1.728
-2.092
-1.865
-1.533
-1.058
-0.465
-0.142
0.121
0.197
0.240
0.245
0.244
0.234
0.213
0.166
0.208
0.251
0.410
0.580
0.683
0.588
0.372
0.182
0.107
0.269
0.403
0.595
0.243
0.680
-0.021
-0.495
-0.718
0.370
1.202
-0.173
-1.661
-2.232
-3.200
-1.591
-0.752
-0.112
-0.689
-0.623
-1.617
-1.851
-2.258
-2.312
-1.629
-0.653
-0.659
-0.341
-0.076
-0.023
0.027
0.039
0.065
0.065
-0.161
-0.302
-0.188
-0.083
0.352
0.524
0.469
0.260
0.482
0.355
0.055
-0.298
-0.414
-0.589
-0.752
-0.906
-1.148
-1.202
-1.075
-0.853
-0.652
-0.510
-0.988
-0.995
-1.043
-1.341
-1.339
-0.919
-1.135
-0.968
-1.051
-1.281
-1.559
-1.706
-1.650
-1.674
-1.483
-1.205
-0.876
-0.411
-0.073
0.260
0.806
-0.406
0.425
0.415
0.353
0.375
0.314
0.175
0.379
0.306
0.281
0.327
0.435
0.486
0.608
0.604
0.630
1.069
0.901
0.735
0.647
-0.166
-0.026
-0.088
0.092
0.323
0.417
0.242
0.206
0.327
0.626
0.718
0.671
0.534
0.281
0.225
0.088
-0.009
0.079
0.439
0.646
0.709
0.791
0.720
0.557
0.415
0.402
0.224
0.062
-0.008
0.110
0.140
0.174
0.271
0.411
0.508
0.480
0.289
0.229
0.224
0.154
0.009
-0.183
-0.340
-0.316
-0.207
-0.171
0.108
0.426
0.812
0.845
0.823
0.861
0.921
0.875
0.701
0.536
0.358
0.262
0.332
0.343
0.422
0.657
0.572
0.442
0.429
0.545
0.708
0.813
0.603
0.359
0.077
0.049
-0.133
-0.462
-0.629
-0.687
-0.788
-0.250
-0.047
0.224
0.336
0.442
0.337
0.136
-0.011
-0.202
-0.571
-0.712
-0.597
-0.473
-0.251
0.172
0.433
0.571
0.476
0.360
0.201
-0.055
-0.256
-0.359
-0.333
-0.373
-0.068
0.191
0.512
0.467
0.399
0.300
0.158
0.092
0.057
-0.028
0.115
0.294
0.214
0.086
0.114
0.383
0.895
1.099
0.869
0.284
-0.404
-0.723
-0.855
-0.973
-0.911
-0.774
-0.664
-0.416
0.016
0.186
-0.006
-0.416
-0.700
-0.735
-0.604
-0.472
-0.397
-0.287
-0.180
-0.176
-0.329
-0.519
-0.356
-0.131
0.037
-0.024
-0.236
-0.442
-0.555
-0.577
-0.511
-0.397
-0.213
-0.074
-0.110
-0.214
-0.215
-0.301
-0.352
-0.328
-0.283
-0.287
-0.403
-0.425
-0.359
-0.359
-0.404
-0.305
-0.078
-0.006
-0.051
-0.115
-0.156
-0.134
0.083
0.383
0.671
0.642
0.234
-0.284
-0.776
-0.845
-0.840
-0.627
-0.225
0.249
0.549
1.059
1.013
0.777
0.352
0.157
0.123
0.178
0.219
0.358
0.497
0.493
0.532
0.681
0.746
0.821
0.969
1.048
1.015
0.954
0.968
1.076
1.039
0.933
0.848
0.831
1.074
1.288
1.315
1.212
1.070
0.888
0.742
0.637
0.563
0.567
0.604
0.659
0.676
0.643
0.566
0.501
0.429
0.315
0.241
0.136
0.067
-0.011
-0.106
-0.135
-0.080
-0.000
0.069
0.098
0.062
-0.007
-0.128
-0.235
-0.325
-0.282
-0.190
-0.146
-0.176
-0.186
-0.180
-0.220
-0.304
-0.328
-0.368
-0.365
-0.288
-0.154
-0.022
0.019
-0.013
-0.072
-0.139
-0.147
-0.129
-0.115
-0.095
-0.046
0.025
0.078
0.049
-0.001
-0.032
-0.079
-0.102
-0.110
-0.107
-0.044
0.018
0.055
0.091
0.087
0.062
-0.005
-0.110
-0.147
-0.143
-0.151
-0.103
-0.117
-0.176
-0.188
-0.156
-0.071
-0.023
-0.068
-0.167
-0.299
-0.337
-0.302
-0.238
-0.140
-0.045
-0.000
-0.026
-0.043
-0.124
-0.150
-0.173
-0.159
-0.144
-0.110
-0.032
0.060
0.109
0.086
0.065
0.019
-0.006
0.005
0.017
0.000
-0.019
-0.013
-0.011
-0.053
-0.037
-0.008
0.051
0.015
-0.005
0.027
0.054
0.020
-0.068
-0.135
-0.168
-0.144
-0.157
-0.132
-0.188
-0.182
-0.140
-0.098
-0.118
-0.078
-0.083
-0.107
-0.090
-0.027
0.005
0.031
0.009
0.017
0.071
0.067
0.073
0.066
-0.009
-0.042
-0.043
-0.023
-0.082
-0.170
-0.230
-0.230
-0.299
-0.383
-0.424
-0.454
-0.468
-0.439
-0.416
-0.442
-0.445
-0.487
-0.564
-0.676
-0.703
-0.582
-0.401
-0.195
-0.061
0.013
-0.009
-0.173
-0.401
-0.554
-0.633
-0.537
-0.332
-0.141
-0.025
0.015
-0.071
-0.191
-0.335
-0.393
-0.448
-0.345
-0.188
-0.043
0.051
0.100
0.126
0.151
0.009
-0.148
-0.292
-0.516
-0.585
-0.556
-0.415
-0.244
-0.081
0.109
0.206
0.237
0.237
0.207
0.222
0.382
0.625
0.799
0.979
1.118
1.132
1.074
0.946
0.857
0.821
0.704
0.685
0.727
0.683
0.616
0.656
0.692
0.647
0.522
0.435
0.419
0.297
0.175
0.082
0.037
0.008
-0.062
-0.102
-0.100
-0.028
0.046
0.072
0.078
0.125
0.125
0.056
-0.008
0.041
0.051
0.033
-0.067
-0.108
-0.178
-0.329
-0.546
-0.645
-0.639
-0.653
-0.606
-0.601
-0.585
-0.612
-0.573
-0.585
-0.629
-0.716
-0.695
-0.551
-0.389
-0.257
-0.180
-0.122
-0.090
-0.103
-0.163
-0.180
-0.103
0.028
0.096
0.213
0.255
0.280
0.247
0.198
0.181
0.197
0.181
0.074
0.038
0.194
0.296
0.346
0.188
0.045
0.042
0.068
0.062
-0.052
-0.160
-0.164
0.042
0.250
0.365
0.368
0.334
0.349
0.383
0.351
0.375
0.512
0.896
1.079
1.354
1.556
1.540
1.423
1.064
0.768
0.405
0.180
0.275
0.459
0.715
0.938
0.936
0.697
0.401
0.223
0.008
-0.308
-0.750
-0.940
-0.813
-0.623
-0.318
0.446
0.402
0.500
0.473
0.339
0.180
0.283
0.602
0.889
0.982
0.962
0.244
-0.025
-0.598
-0.803
-0.116
-0.660
-1.868
-1.181
-0.871
-0.248
0.383
0.604
0.546
0.708
0.931
1.808
1.195
1.028
0.833
0.627
0.179
-0.064
-0.960
-0.878
-0.681
-0.612
-0.631
-0.806
-1.578
-1.521
-1.824
-1.883
-1.779
-1.391
-0.663
-0.487
0.049
0.423
0.622
0.679
0.726
0.556
0.230
0.108
0.115
0.171
0.146
-0.136
-0.359
-0.415
-0.273
-0.171
-0.188
-0.164
-0.039
0.117
0.382
0.625
0.594
0.441
0.170
0.010
-0.459
-0.616
-0.464
-0.400
-0.205
-0.003
0.213
0.344
0.333
0.287
0.218
0.038
-0.107
-0.142
0.001
0.027
-0.011
-0.057
-0.160
-0.247
-0.051
0.198
0.302
0.346
0.125
-0.173
-0.211
-0.301
-0.347
-0.274
-0.077
0.305
0.822
0.906
0.554
0.059
-0.312
-0.560
-0.712
-0.641
-0.618
-0.644
-0.338
0.119
0.277
0.335
0.465
0.667
0.516
0.154
-0.271
-0.161
0.338
0.037
0.299
0.519
0.474
0.374
0.117
-0.171
-0.433
-0.518
-0.584
-0.649
-0.629
-0.318
0.013
-0.226
-0.298
-0.117
0.155
0.576
1.074
1.465
1.639
-6.473
-0.797
0.122
-1.390
-0.418
-0.113
-0.759
0.222
0.341
0.850
0.824
0.111
0.028
-0.071
-0.162
-0.331
-0.346
-0.421
-0.132
0.366
0.654
1.040
0.357
0.414
0.393
0.122
0.106
0.032
0.061
0.086
-0.070
-0.170
-0.199
-0.082
-0.005
0.139
0.259
0.604
0.473
0.336
0.158
0.042
0.254
0.145
0.066
0.407
0.407
0.241
-0.416
-0.895
-0.919
-0.930
-0.508
0.128
0.100
0.052
0.058
0.009
-0.061
-0.092
0.153
0.038
-0.017
0.093
0.077
0.092
0.104
0.069
0.141
0.106
0.192
0.350
0.274
0.107
0.130
0.028
-0.179
-0.117
0.125
0.082
0.127
-0.063
-0.169
-0.144
-0.116
0.048
0.079
0.051
0.031
0.078
0.045
0.054
0.069
0.019
-0.008
0.125
0.176
0.213
-0.021
-0.163
-0.409
-0.237
-0.067
0.152
0.149
0.103
0.106
0.042
-0.004
-0.014
-0.196
-0.202
-0.242
-0.217
-0.493
-1.185
9.396
-15.562
-0.457
0.341
-0.525
0.211
1.009
0.600
0.738
0.365
1.721
1.324
0.739
-1.315
-0.982
0.227
0.230
0.506
0.265
0.314
0.271
0.255
0.266
0.272
0.276
0.239
0.253
0.238
0.243
0.262
0.237
0.222
0.213
0.214
0.229
0.203
0.200
0.193
0.198
0.200
0.190
0.183
0.171
0.145
0.177
0.168
0.158
0.175
0.153
0.159
0.150
0.166
0.151
0.137
0.138
0.158
0.132
0.128
0.144
0.147
0.090
0.110
0.117
0.133
0.130
0.133
0.082
0.087
0.099
0.121
0.088
0.116
0.094
0.090
0.110
0.097
0.092
0.097
0.080
0.075
0.074
0.070
0.087
0.074
0.050
0.060
0.080
0.081
0.080
0.064
0.055
0.079
0.051
0.059
0.071
0.043
0.057
0.058
0.039
0.055
0.047
0.035
0.066
0.041
0.047
0.059
0.052
0.068
0.045
0.042
0.032
0.050
0.042
0.048
0.030
0.030
0.046
0.045
0.048
0.014
0.046
0.026
0.013
0.050
0.040
0.036
0.019
0.038
0.019
0.037
0.023
0.042
0.027
0.039
0.021
0.030
0.027
0.005
0.021
0.025
0.038
0.004
0.044
0.031
0.016
0.013
0.022
0.011
0.026
0.035
0.058
0.030
0.026
0.008
0.018
0.024
0.019
0.043
0.022
0.024
0.025
0.016
0.013
-0.001
0.012
0.022
0.019
0.009
0.015
0.000
0.013
-0.000
0.015
0.008
-0.002
0.020
0.012
0.009
0.006
0.003
0.009
-0.025
0.013
0.001
0.012
0.006
0.025
0.003
0.017
0.024
0.015
0.010
0.018
0.014
0.017
0.008
0.024
0.015
0.021
0.017
0.001
0.011
0.005
-0.010
-0.000
-0.003
-0.016
0.004
-0.006
-0.024
-0.012
0.004
0.013
-0.020
0.004
-0.006
0.016
0.017
0.003
-0.009
-0.016
0.005
-0.001
0.005
-0.005
0.007
-0.000
0.006
0.002
0.003
0.001
-0.000
0.006
0.005
0.009
0.006
0.013
-0.001
0.022
0.010
0.001
-0.001
-0.004
0.005
-0.009
-0.002
0.010
-0.007
0.016
-0.001
-0.010
0.002
0.003
0.006
0.017
0.009
-0.004
0.015
-0.021
-0.007
-0.008
0.002
-0.000
0.011
0.008
0.010
0.014
-0.014
0.004
-0.001
0.012
-0.009
0.002
0.008
-0.015
-0.000
0.011
-0.000
-0.001
-0.013
0.004
0.011
0.011
0.007
0.007
0.021
0.007
-0.003
0.011
0.000
-0.007
-0.012
-0.009
-0.021
-0.006
-0.007
-0.006
-0.008
0.000
-0.012
-0.025
0.001
-0.004
-0.020
-0.001
0.001
-0.008
-0.003
0.003
-0.011
-0.005
0.030
-0.011
0.007
0.002
-0.008
-0.006
-0.008
0.012
-0.005
0.004
0.014
-0.009
0.006
0.005
-0.010
0.001
-0.007
-0.000
0.011
0.010
-0.008
-0.015
-0.003
-0.001
0.013
0.019
0.011
0.004
0.004
-0.009
-0.004
-0.010
-0.005
0.006
-0.000
0.005
0.013
-0.005
-0.022
0.026
-0.017
0.010
-0.018
-0.010
0.013
-0.016
0.019
0.010
0.001
-0.004
0.010
0.013
-0.022
-0.001
0.005
0.041
0.077
-0.065
-0.139
-0.057
0.044
0.085
0.028
-0.032
-0.004
0.003
-0.009
-0.005
-0.010
0.002
0.029
0.024
-0.015
-0.036
0.007
0.007
0.010
-0.018
-0.027
-0.004
-0.016
0.002
-0.003
0.024
0.018
-0.020
-0.011
0.008
-0.003
0.005
-0.079
0.044
0.049
-0.069
0.022
-0.016
-0.007
0.023
-0.032
0.017
0.005
-0.029
0.011
-0.001
-0.006
-0.012
-0.003
0.014
-0.025
-0.016
0.011
0.019
0.005
-0.014
0.006
0.024
-0.034
-0.008
0.010
-0.006
-0.010
-0.011
-0.012
-0.010
-0.004
-0.015
-0.016
-0.003
0.004
-0.024
0.002
-0.001
-0.003
-0.010
0.006
0.018
0.001
0.017
0.014
0.020
-0.011
0.012
-0.009
-0.013
0.011
0.023
-0.022
-0.012
-0.010
0.006
-0.004
0.009
0.012
-0.014
0.002
0.008
-0.005
-0.018
0.003
-0.011
-0.003
-0.026
-0.005
0.005
0.002
-0.012
-0.002
-0.004
0.002
0.013
-0.009
-0.006
-0.000
-0.000
0.005
-0.009
-0.007
-0.005
-0.019
-0.012
0.017
-0.004
0.015
0.012
-0.014
-0.004
-0.017
-0.006
0.011
-0.024
-0.008
-0.001
0.000
-0.004
0.017
-0.037
-0.002
-0.001
0.007
0.038
0.031
-0.000
0.008
-0.023
-0.007
0.013
-0.004
0.005
-0.003
-0.005
0.003
0.006
-0.001
0.003
-0.007
-0.007
-0.023
-0.009
0.013
0.019
0.013
0.006
0.011
-0.045
-0.040
0.014
0.036
0.034
-0.006
-0.015
0.005
-0.010
-0.010
0.000
0.009
0.014
0.006
0.015
0.002
-0.017
0.001
0.007
-0.015
-0.010
-0.011
-0.015
-0.016
0.010
-0.006
-0.010
-0.011
0.009
0.001
-0.019
-0.004
0.007
0.008
-0.006
0.024
-0.014
0.006
0.011
-0.012
-0.009
0.003
-0.011
0.002
-0.034
-0.003
-0.012
0.004
0.006
-0.019
0.006
0.004
0.010
-0.016
-0.005
0.011
-0.010
0.017
0.011
-0.005
-0.002
-0.016
0.001
-0.021
-0.008
-0.001
-0.048
0.012
0.013
0.013
-0.014
0.027
-0.021
0.001
0.004
-0.008
0.006
0.012
-0.023
-0.011
0.022
-0.012
0.010
-0.016
0.000
-0.019
0.004
-0.002
0.017
-0.019
0.004
0.016
-0.008
0.002
-0.009
-0.003
-0.007
0.029
0.019
0.015
-0.024
-0.058
-0.030
0.013
0.012
0.008
0.001
-0.013
0.000
0.004
0.000
0.019
0.021
0.020
-0.002
-0.026
0.014
-0.000
0.015
0.002
-0.005
-0.016
0.000
-0.007
-0.008
0.005
0.008
-0.001
-0.006
-0.007
-0.006
-0.010
-0.009
-0.006
0.000
0.007
0.004
0.010
-0.005
0.007
-0.001
-0.005
-0.000
-0.010
-0.006
-0.002
0.023
0.029
-0.002
-0.008
0.013
-0.020
-0.007
0.005
0.013
-0.006
-0.008
-0.005
0.005
0.003
0.008
0.013
0.014
0.006
-0.012
-0.617
0.431
-0.221
-0.248
0.126
0.129
0.136
-0.227
-0.040
0.009
0.038
0.055
-0.013
-0.101
0.043
-0.011
0.067
0.048
0.009
-0.005
-0.026
0.010
0.002
0.030
0.029
-0.002
0.004
-0.023
-0.018
0.012
0.002
0.028
0.013
0.002
0.002
0.021
0.035
0.020
0.009
-0.017
0.010
0.032
0.006
0.006
0.025
-0.011
-0.019
-0.001
-0.009
0.025
-0.010
0.015
-0.008
-0.001
0.008
0.020
0.016
0.024
-0.016
-0.029
-0.008
0.003
-0.001
-0.017
0.021
0.033
0.008
-0.056
0.025
-0.011
0.023
0.021
-0.004
0.021
0.026
0.004
-0.005
0.002
-0.017
-0.003
0.016
-0.005
0.006
0.010
-0.006
0.003
0.004
-0.009
0.019
-0.028
0.022
-0.012
-0.004
-0.032
0.012
-0.004
0.014
-0.019
-0.003
-0.016
0.003
-0.006
0.013
-0.012
0.006
-0.005
0.018
-0.022
-0.001
-0.019
0.010
-0.006
0.040
0.017
-0.009
0.008
0.013
-0.019
0.001
0.033
0.030
-0.011
0.009
0.021
-0.008
0.004
0.031
-0.012
