-0.001
0.042
-0.056
-0.179
-0.202
-0.261
-0.317
-0.251
-0.174
-0.079
0.082
0.174
0.067
-0.034
-0.065
-0.150
-0.105
-0.003
0.109
0.139
0.042
-0.072
-0.056
0.040
0.062
0.037
-0.017
-0.167
-0.304
-0.299
-0.227
-0.142
-0.120
-0.057
-0.069
-0.014
-0.015
-0.147
-0.312
-0.295
-0.111
0.073
0.228
0.321
0.338
0.358
0.349
0.255
0.063
-0.153
-0.315
-0.236
-0.395
-0.650
-0.453
-0.383
-0.411
-0.278
-0.194
-0.134
-0.087
-0.051
-0.115
-0.146
-0.172
-0.464
-0.341
-0.602
-0.300
-0.350
-0.416
-0.349
-0.393
-0.589
-0.529
-0.340
-0.750
-0.743
-0.463
-0.221
-0.144
-0.354
-0.264
-0.382
-0.455
-0.564
-0.683
-0.825
-0.975
-0.954
-1.132
-1.179
-0.971
-0.787
-0.818
-0.836
-0.899
-1.083
-1.050
-0.721
-0.406
-0.293
-0.365
-0.542
-0.765
-1.037
-1.320
-1.274
-1.015
-1.060
-1.214
-1.199
-1.144
-1.187
-1.232
-1.256
-1.426
-1.727
-1.988
-2.280
-2.464
-2.494
-2.307
-2.033
-1.729
-1.618
-1.616
-1.475
-1.137
-0.457
0.315
0.432
0.444
0.750
1.159
1.424
1.713
2.061
2.092
1.950
1.708
1.515
1.731
2.237
2.725
3.029
2.864
2.350
1.864
1.522
1.371
1.293
1.231
1.305
1.537
1.695
1.604
1.439
1.373
1.258
0.962
0.634
0.411
0.273
0.156
-0.001
-0.313
-0.625
-0.725
-0.712
-0.735
-0.881
-1.074
-1.159
-1.292
-1.445
-1.638
-1.667
-1.700
-1.552
-1.339
-1.208
-1.062
-0.706
-0.188
0.164
-0.040
-0.031
0.180
0.576
1.395
2.464
3.238
3.101
2.118
1.360
1.365
1.826
2.242
2.598
2.697
2.641
2.430
2.020
1.536
1.146
0.927
0.864
0.993
1.103
1.033
0.756
0.446
0.175
-0.072
-0.285
-0.500
-0.778
-1.027
-1.094
-1.311
-1.534
-1.633
-1.602
-1.512
-1.505
-1.602
-1.861
-1.959
-1.890
-1.909
-1.708
-1.204
-0.725
-0.278
-0.108
-0.614
-0.157
0.845
1.689
2.568
3.273
3.322
2.956
2.552
2.380
2.390
2.496
2.657
2.664
2.383
1.923
1.501
1.230
1.048
0.887
0.801
0.858
0.869
0.702
0.462
0.179
-0.012
0.018
0.108
0.209
0.196
0.099
-0.047
-0.122
-0.040
0.054
0.069
-0.069
-0.570
-1.320
-1.832
-1.966
-1.863
-1.672
-1.535
-1.581
-1.593
-1.519
-1.363
-1.162
-1.136
-1.111
-0.753
0.189
1.557
2.528
2.870
2.786
2.511
2.178
1.972
1.996
2.153
2.378
2.521
2.522
2.458
2.272
2.068
1.751
1.301
0.998
0.908
0.876
1.042
1.272
1.337
1.320
1.364
1.350
1.346
1.239
1.039
0.878
0.771
0.624
0.628
0.793
0.880
0.715
0.368
0.108
0.054
0.230
0.394
0.553
0.726
0.554
0.341
0.088
-0.161
-0.396
-0.505
-0.886
-0.311
-0.216
-0.169
-0.105
-0.020
-0.052
-0.150
-0.209
-0.172
-0.028
0.121
0.161
0.008
-0.094
-0.093
-0.092
-0.038
0.095
0.088
0.094
0.245
0.509
0.881
1.028
1.019
1.127
1.255
1.558
2.165
2.548
2.616
2.636
2.831
3.160
3.576
3.949
4.535
4.796
4.751
4.499
4.182
3.927
3.698
3.627
3.671
3.323
3.147
3.274
3.496
3.672
3.598
3.314
3.079
2.995
2.917
2.726
2.650
2.734
2.762
2.755
2.565
2.279
1.874
1.537
1.550
1.762
1.820
1.568
1.058
0.387
-0.111
-0.154
0.029
0.278
0.509
0.597
0.705
0.771
0.844
1.099
1.364
1.521
1.360
1.140
0.819
0.624
0.553
0.720
0.895
0.878
0.408
-0.083
-0.361
-0.521
-0.692
-0.915
-1.206
-1.459
-1.696
-1.806
-1.774
-1.682
-1.701
-1.753
-1.756
-1.783
-1.925
-2.011
-2.005
-1.898
-1.772
-1.701
-1.623
-1.528
-1.303
-1.008
-0.686
-0.409
-0.139
-0.014
-0.025
-0.077
-0.080
-0.153
-0.318
-0.451
-0.585
-0.588
-0.569
-0.624
-0.708
-0.718
-0.650
-0.478
-0.337
-0.385
-0.517
-0.620
-0.821
-0.944
-0.923
-0.852
-0.738
-0.733
-0.821
-0.954
-1.005
-1.002
-1.005
-1.054
-1.108
-1.184
-1.083
-0.886
-0.734
-0.739
-0.863
-0.918
-0.888
-0.787
-0.718
-0.836
-0.994
-1.166
-1.304
-1.431
-1.502
-1.448
-1.275
-1.092
-0.893
-0.746
-0.631
-0.596
-0.610
-0.690
-0.763
-0.825
-0.844
-1.010
-1.250
-1.511
-2.004
-2.480
-2.715
-2.829
-2.836
-2.624
-2.434
-2.176
-1.829
-1.569
-1.370
-1.141
-0.950
-0.652
-0.133
0.539
1.116
1.398
1.442
1.484
1.622
1.811
1.829
1.906
2.110
2.386
2.600
2.745
2.822
2.682
2.412
2.008
1.484
1.077
0.926
0.861
0.760
0.712
0.661
0.556
0.449
0.288
0.251
0.162
0.143
0.136
0.131
0.015
-0.193
-0.379
-0.446
-0.464
-0.535
-0.679
-0.814
-1.057
-1.208
-1.078
-0.805
-0.605
-0.455
-0.181
0.154
0.349
0.309
0.413
0.990
1.847
2.721
3.571
3.607
2.719
1.526
1.394
1.401
1.684
2.242
2.458
2.589
2.147
1.498
1.036
0.892
0.770
0.633
0.412
0.294
0.178
0.074
-0.037
-0.104
-0.077
-0.166
-0.310
-0.298
-0.337
-0.373
-0.413
-0.401
-0.451
-0.623
-0.737
-0.773
-0.656
-0.444
-0.262
-0.139
-0.133
-0.148
-0.211
-0.472
-0.721
-0.456
0.187
0.957
1.576
1.560
1.449
1.524
1.573
1.705
2.020
2.427
2.646
2.674
2.610
2.445
2.232
2.005
1.853
1.564
1.044
0.541
0.132
-0.053
0.374
0.355
0.155
-0.656
-0.987
-0.704
-0.858
-1.131
-1.106
-0.793
-0.288
-0.212
0.367
0.382
0.144
0.038
-0.253
-0.790
-1.430
-1.197
-1.334
-0.247
0.825
1.143
0.710
-0.779
-3.227
-0.701
-0.402
1.234
2.111
2.045
1.400
0.835
0.622
1.549
2.618
3.357
3.351
2.532
1.484
0.762
0.510
0.616
1.302
2.269
2.725
2.690
2.366
1.991
1.737
1.779
2.039
2.364
2.535
2.334
2.089
1.948
1.712
1.367
1.000
0.895
0.837
0.875
0.911
0.968
1.254
1.362
1.171
0.881
0.540
0.359
0.256
0.207
0.282
0.410
0.434
0.241
-0.017
-0.278
-0.332
-0.323
-0.258
-0.244
-0.350
-0.601
-0.913
-1.050
-1.063
-1.096
-1.228
-1.144
-0.914
-0.675
-0.412
-0.161
-0.107
-0.233
-0.471
-0.679
-0.793
-0.867
-0.875
-0.758
-0.690
-0.615
-0.690
-0.808
-0.926
-0.937
-0.810
-0.532
-0.238
-0.131
-0.080
-0.092
-0.106
-0.147
-0.231
-0.240
-0.288
-0.306
-0.321
-0.305
