2.312
2.312
2.312
2.314
2.316
2.317
2.319
2.320
2.321
2.322
2.323
2.323
2.323
2.324
2.325
2.327
2.329
2.330
2.331
2.332
2.333
2.335
2.337
2.338
2.339
2.340
2.341
2.342
2.343
2.344
2.344
2.345
2.346
2.347
2.348
2.349
2.351
2.353
2.355
2.357
2.359
2.361
2.362
2.363
2.365
2.366
2.367
2.369
2.371
2.372
2.373
2.373
2.372
2.372
2.371
2.370
2.370
2.369
2.369
2.369
2.370
2.370
2.370
2.370
2.371
2.371
2.371
2.372
2.373
2.373
2.373
2.373
2.373
2.373
2.373
2.373
2.373
2.373
2.372
2.372
2.371
2.371
2.371
2.371
2.372
2.372
2.373
2.374
2.374
2.374
2.373
2.373
2.372
2.371
2.370
2.369
2.369
2.368
2.367
2.367
2.368
2.368
2.369
2.371
2.372
2.373
2.375
2.376
2.377
2.378
2.378
2.379
2.380
2.381
2.382
2.383
2.383
2.384
2.385
2.385
2.385
2.385
2.385
2.385
2.385
2.385
2.384
2.384
2.384
2.384
2.383
2.383
2.383
2.383
2.383
2.383
2.383
2.382
2.381
2.380
2.379
2.379
2.378
2.378
2.377
2.377
2.377
2.377
2.377
2.377
2.377
2.377
2.377
2.376
2.376
2.375
2.375
2.375
2.375
2.375
2.375
2.375
2.375
2.375
2.375
2.376
2.376
2.376
2.377
2.378
2.379
2.380
2.381
2.381
2.382
2.382
2.382
2.382
2.383
2.382
2.382
2.382
2.383
2.383
2.384
2.384
2.384
2.384
2.384
2.384
2.384
2.383
2.383
2.382
2.383
2.387
2.391
2.391
2.388
2.383
2.377
2.374
2.374
2.380
2.385
2.385
2.381
2.381
2.388
2.395
2.397
2.398
2.399
2.398
2.396
2.392
2.387
2.382
2.376
2.371
2.366
2.361
2.354
2.346
2.337
2.331
2.322
2.313
2.302
2.291
2.278
2.263
2.249
2.236
2.222
2.211
2.200
2.190
2.180
2.171
2.161
2.152
2.144
2.138
2.132
2.124
2.115
2.107
2.098
2.089
2.079
2.066
2.053
2.038
2.022
2.005
1.989
1.971
1.953
1.934
1.915
1.896
1.876
1.855
1.833
1.810
1.787
1.764
1.741
1.719
1.698
1.677
1.658
1.642
1.629
1.617
1.606
1.597
1.590
1.583
1.578
1.576
1.574
1.573
1.572
1.570
1.569
1.568
1.568
1.569
1.567
1.565
1.563
1.561
1.558
1.556
1.553
1.551
1.548
1.546
1.544
1.542
1.540
1.538
1.535
1.533
1.530
1.527
1.523
1.520
1.517
1.515
1.513
1.511
1.509
1.508
1.506
1.505
1.503
1.502
1.500
1.499
1.497
1.496
1.495
1.493
1.492
1.491
1.490
1.489
1.488
1.486
1.485
1.483
1.482
1.481
1.480
1.478
1.477
1.476
1.474
1.473
1.471
1.469
1.468
1.467
1.466
1.465
1.465
1.464
1.464
1.463
1.463
1.462
1.462
1.462
1.461
1.460
1.460
1.460
1.459
1.459
1.459
1.459
1.459
1.459
1.460
1.460
1.459
1.459
1.458
1.458
1.457
1.456
1.455
1.454
1.453
1.452
1.451
1.450
1.450
1.449
1.449
1.449
1.448
1.448
1.448
1.448
1.448
1.448
1.448
1.447
1.447
1.447
1.447
1.447
1.448
1.448
1.448
1.448
1.448
1.448
1.447
1.447
1.448
1.448
1.450
1.452
1.454
1.456
1.457
1.457
1.456
1.456
1.455
1.454
1.453
1.451
1.450
1.449
1.450
1.451
1.452
1.454
1.455
1.456
1.456
1.457
1.457
1.458
1.459
1.459
1.459
1.458
1.457
1.456
1.455
1.454
1.453
1.453
1.453
1.453
1.453
1.453
1.452
1.451
1.451
1.451
1.451
1.452
1.453
1.454
1.454
1.454
1.454
1.454
1.454
1.453
1.453
1.452
1.452
1.451
1.451
1.450
1.450
1.449
1.448
1.447
1.446
1.445
1.445
1.445
1.444
1.444
1.443
1.443
1.443
1.442
1.441
1.440
1.439
1.438
1.437
1.437
1.436
1.436
1.435
1.435
1.432
1.427
1.422
1.416
1.410
1.404
1.398
1.392
1.385
1.378
1.370
1.364
1.357
1.350
1.341
1.331
1.321
1.309
1.297
1.284
1.272
1.262
1.252
1.243
1.235
1.228
1.221
1.213
1.205
1.195
1.186
1.178
1.171
1.163
1.154
1.146
1.138
1.131
1.122
1.112
1.101
1.090
1.078
1.064
1.051
1.038
1.026
1.014
1.000
0.984
0.966
0.946
0.926
0.912
0.902
0.893
0.884
0.873
0.861
0.846
0.830
0.813
0.798
0.783
0.770
0.758
0.746
0.733
0.719
0.703
0.686
0.669
0.651
0.632
0.612
0.592
0.574
0.556
0.540
0.526
0.511
0.500
0.489
0.479
0.469
0.459
0.449
0.437
0.424
0.410
0.396
0.382
0.368
0.354
0.340
0.327
0.314
0.300
0.286
0.271
0.255
0.237
0.220
0.202
0.184
0.166
0.148
0.130
0.114
0.100
0.087
0.076
0.066
0.058
0.052
0.048
0.045
0.043
0.041
0.039
0.038
0.036
0.034
0.033
0.032
0.030
0.029
0.028
0.027
0.026
0.025
0.024
0.023
0.022
0.021
0.019
0.018
0.016
0.015
0.014
0.012
0.011
0.009
0.008
0.007
0.006
0.005
0.004
0.003
0.002
0.000
6.283
6.281
6.280
6.278
6.277
6.276
6.275
6.274
6.274
6.274
6.274
6.274
6.273
6.273
6.273
6.272
6.272
6.272
6.272
6.271
6.271
6.270
6.269
6.268
6.268
6.268
6.267
6.267
6.267
6.266
6.266
6.266
6.265
6.265
6.265
6.264
6.263
6.262
6.261
6.260
6.259
6.258
6.258
6.257
6.257
6.256
6.256
6.256
6.257
6.257
6.258
6.258
6.259
6.259
6.259
6.259
6.259
6.259
6.259
6.259
6.258
6.257
6.255
6.254
6.253
6.253
6.253
6.254
6.253
6.252
6.251
6.250
6.250
6.250
6.250
6.251
6.251
6.251
6.250
6.249
6.248
6.248
6.247
6.247
6.247
6.247
6.248
6.248
6.249
6.248
6.248
6.248
6.248
6.248
6.247
6.247
6.246
6.246
6.246
6.245
6.245
6.244
6.244
6.244
6.244
6.244
6.244
6.244
6.245
6.245
6.245
6.245
6.245
6.245
6.244
6.244
6.244
6.243
6.243
6.243
6.242
6.242
6.242
6.241
6.241
6.241
6.241
6.242
6.242
6.242
6.244
6.249
6.259
6.273
0.005
0.022
0.037
0.051
0.063
0.075
0.089
0.104
0.121
0.139
0.157
0.175
0.194
0.214
0.234
0.256
0.278
0.301
0.325
0.349
0.374
0.399
0.426
0.452
0.480
0.508
0.537
0.565
0.594
0.621
0.648
0.674
0.702
0.728
0.755
0.781
0.807
0.831
0.854
0.876
0.899
0.923
0.950
0.977
1.005
1.032
1.057
1.081
1.104
1.126
1.145
1.163
1.179
1.193
1.205
1.215
1.223
1.228
1.233
1.236
1.239
1.241
1.244
1.247
1.249
1.252
1.255
1.258
1.261
1.264
1.267
1.271
1.274
1.277
1.280
1.283
1.286
1.289
1.291
1.293
1.295
1.298
1.300
1.302
1.305
1.307
1.310
1.312
1.315
1.317
1.321
1.326
1.333
1.343
1.355
1.371
1.390
1.410
1.431
1.454
1.477
1.499
1.517
1.531
1.542
1.550
1.555
1.558
1.560
1.562
1.563
1.564
1.565
1.566
1.568
1.569
1.571
1.572
1.574
1.576
1.577
1.578
1.580
1.582
1.584
1.585
1.587
1.588
1.590
1.591
1.593
1.595
1.597
1.599
1.600
1.602
1.603
1.605
1.607
1.609
1.610
1.611
1.612
1.614
1.615
1.615
1.616
1.617
1.618
1.620
1.621
1.621
1.622
1.623
1.625
1.627
1.629
1.631
1.633
1.634
1.634
1.635
1.635
1.636
1.636
1.638
1.642
1.648
1.656
1.667
1.680
1.695
1.713
1.734
1.758
1.784
1.811
1.840
1.871
1.903
1.936
1.968
2.001
2.032
2.061
2.089
2.116
2.143
2.172
2.202
2.231
2.260
2.288
2.314
2.339
2.363
2.385
2.407
2.428
2.449
2.468
2.489
2.509
2.526
2.543
2.558
2.573
2.588
2.603
2.618
2.632
2.646
2.660
2.674
2.688
2.703
2.718
2.733
2.747
2.760
2.773
2.787
2.800
2.812
2.824
2.835
2.847
2.858
2.868
2.877
2.884
2.891
2.896
2.901
2.905
2.908
2.911
2.913
2.914
2.915
2.916
2.917
2.919
2.921
2.923
2.924
2.926
2.927
2.928
2.929
2.930
2.931
2.932
2.933
2.933
2.934
2.935
2.936
2.937
2.938
2.939
2.940
2.941
2.942
2.942
2.943
2.944
2.946
2.949
2.954
2.961
2.969
2.977
2.984
2.991
2.999
3.005
3.012
3.018
3.025
3.030
3.035
3.038
3.040
3.042
3.043
3.043
3.044
3.044
3.045
3.046
3.047
3.048
3.049
3.050
3.052
3.053
3.053
3.054
3.054
3.055
3.056
3.056
3.057
3.058
3.060
3.064
3.068
3.072
3.076
3.081
3.085
3.087
3.087
3.088
3.088
3.089
3.089
3.090
3.090
3.091
3.091
3.092
3.092
3.092
3.093
3.093
3.093
3.093
3.092
3.091
3.091
3.089
3.087
3.086
3.085
3.084
3.084
3.083
3.082
3.081
3.080
3.079
3.078
3.078
3.078
3.077
3.078
3.078
3.078
3.079
3.079
3.078
3.078
3.078
3.079
3.079
3.079
3.080
3.081
3.081
3.082
3.082
3.083
3.083
3.084
3.085
3.085
3.085
3.086
3.086
3.086
3.086
3.087
3.087
3.087
3.087
3.087
3.087
3.086
3.085
3.085
3.084
3.084
3.084
3.084
3.084
3.084
3.084
3.084
3.084
3.084
3.084
3.083
3.084
3.084
3.085
3.086
3.086
3.087
3.087
3.087
3.088
3.088
3.088
3.088
3.088
3.088
3.089
3.089
3.090
3.090
3.091
3.092
3.092
3.093
3.093
3.094
3.095
3.096
3.096
3.096
3.096
3.096
3.095
3.094
3.093
3.093
3.091
3.090
3.089
3.088
3.087
3.086
3.086
3.085
3.085
3.085
3.085
3.085
3.085
3.085
3.085
3.085
3.085
3.085
3.085
3.085
3.085
3.086
3.086
3.086
3.086
3.086
3.086
3.085
3.083
3.080
3.077
3.074
3.072
3.069
3.066
3.064
3.061
3.058
3.054
3.051
3.047
3.044
3.041
3.038
3.035
3.032
3.028
3.024
3.021
3.019
3.018
3.018
3.018
3.018
3.018
3.019
3.019
3.019
3.019
3.019
3.019
3.019
3.020
3.020
3.021
3.021
3.022
3.023
3.023
3.023
3.024
3.025
3.025
3.025
3.025
3.025
3.025
3.024
3.024
3.024
3.024
3.024
3.023
3.022
3.022
3.023
3.023
3.023
3.023
3.023
3.023
3.023
3.022
3.022
3.021
3.021
3.020
3.019
3.019
3.019
3.019
3.019
3.020
3.021
3.022
3.023
3.024
3.024
3.025
3.025
3.025
3.025
3.024
3.023
3.023
3.022
3.021
3.020
3.020
3.020
3.020
3.021
3.021
3.020
3.020
3.020
3.019
3.019
3.020
3.020
3.020
3.020
3.020
3.021
3.020
3.020
3.020
3.020
3.021
3.022
3.023
3.023
3.024
3.024
3.025
3.025
3.025
3.026
3.026
3.026
3.027
3.027
3.027
3.027
3.027
3.028
3.028
3.029
3.030
3.030
3.031
3.031
3.032
3.032
3.033
3.033
3.033
3.033
3.032
3.031
3.031
3.030
3.030
3.029
3.029
3.030
3.030
3.030
3.031
3.031
3.030
3.030
3.029
3.029
3.029
3.028
3.027
3.026
3.026
3.025
3.024
3.024
3.023
3.022
3.022
3.022
3.022
3.022
3.021
3.021
3.021
3.021
3.020
3.020
3.020
3.021
3.021
3.021
3.022
3.022
3.022
3.023
3.024
3.024
3.025
3.025
3.026
3.026
3.025
3.025
3.025
3.025
3.025
3.025
3.025
3.025
3.026
3.026
3.027
3.028
3.029
3.029
3.029
3.029
3.028
3.028
3.027
3.027
3.027
3.027
3.028
3.029
3.029
3.030
3.030
3.031
3.031
3.031
3.031
3.031
3.032
3.032
3.032
3.032
3.032
3.032
3.031
3.031
3.030
3.030
3.030
3.030
3.030
3.030
3.030
3.030
3.031
3.032
3.032
3.032
3.032
3.032
3.032
3.033
3.033
3.032
3.032
3.033
3.033
3.034
3.035
3.035
3.035
3.035
3.035
3.035
3.035
3.035
3.036
3.036
3.036
3.036
3.036
3.037
3.037
3.037
3.038
3.038
3.039
3.039
3.039
3.038
3.038
3.038
3.038
3.039
3.039
3.039
3.039
3.039
3.039
3.040
3.040
3.041
3.041
3.041
3.041
3.041
3.042
3.042
3.042
3.042
3.041
3.040
3.039
3.038
3.037
3.037
3.037
3.036
3.036
3.037
3.037
3.037
3.036
3.036
3.036
3.035
3.034
3.033
3.032
3.031
3.030
3.029
3.029
3.028
3.028
3.027
3.026
3.025
3.024
3.024
3.023
3.023
3.023
3.023
3.023
3.024
3.024
3.025
3.025
3.025
3.026
3.026
3.027
3.027
3.027
3.027
3.027
3.028
3.028
3.030
3.031
3.032
3.032
3.033
3.034
3.034
3.035
3.034
3.035
3.035
3.035
3.036
3.036
3.036
3.036
3.036
3.037
3.038
3.038
3.038
3.039
3.039
3.039
3.039
3.039
3.039
3.039
3.038
3.038
3.039
3.038
3.038
3.037
3.036
3.035
3.035
3.034
3.034
3.034
3.034
3.033
3.034
3.034
3.034
3.034
3.034
3.034
3.035
3.036
3.036
3.036
3.037
3.036
3.036
3.035
3.034
3.034
3.034
3.034
3.033
3.032
3.031
3.031
3.031
3.031
3.030
3.030
3.031
3.031
3.030
3.030
3.029
3.029
3.029
3.029
3.030
3.030
3.030
3.030
3.031
3.031
3.031
3.031
3.031
3.031
3.030
3.030
3.030
3.029
3.029
3.029
3.029
3.029
3.029
3.029
3.029
3.029
3.029
3.029
3.029
3.028
3.028
3.029
3.030
3.030
3.031
3.032
3.032
3.032
3.032
3.032
3.031
3.031
3.032
3.032
3.033
3.034
3.034
3.035
3.035
3.035
3.035
3.035
3.035
3.035
3.035
3.035
3.036
3.036
3.036
3.036
3.036
3.036
3.035
3.035
3.035
3.035
3.035
3.035
3.034
3.034
3.034
3.034
3.033
3.033
3.032
3.031
3.032
3.031
3.031
3.030
3.030
3.029
3.029
3.029
3.028
3.028
3.027
3.027
3.027
3.027
3.028
3.028
3.029
3.029
3.030
3.030
3.030
3.031
3.030
3.030
3.030
3.030
3.031
3.031
3.030
3.030
3.029
3.028
3.027
3.027
3.027
3.027
3.027
3.027
3.026
3.026
3.025
3.025
3.025
3.025
3.025
3.025
3.024
3.024
3.024
3.023
3.023
3.024
3.024
3.025
3.025
3.025
3.025
3.025
3.025
3.025
3.025
3.026
3.026
3.026
3.026
3.026
3.027
3.027
3.028
3.028
3.029
3.029
3.030
3.030
3.031
3.031
3.031
3.031
3.031
3.031
3.031
3.030
3.030
3.030
3.029
3.028
3.028
3.027
3.027
3.026
3.026
3.025
3.025
3.025
3.025
3.024
3.024
3.024
3.023
3.023
3.022
3.022
3.022
3.021
3.021
3.021
3.021
3.021
3.021
3.020
3.020
3.020
3.021
3.021
3.022
3.022
3.021
3.020
3.020
3.020
3.020
3.021
3.021
3.021
3.022
3.022
3.022
3.023
3.023
3.023
3.022
3.022
3.022
3.023
3.023
3.023
3.023
3.023
3.023
3.024
3.024
3.025
3.026
3.027
3.027
3.028
3.029
3.030
3.031
3.031
3.032
3.032
3.033
3.033
3.032
3.032
3.031
3.031
3.031
3.030
3.030
3.030
3.030
3.030
3.030
3.029
3.029
3.029
3.029
3.030
3.030
3.031
3.032
3.033
3.033
3.033
3.033
3.033
3.033
3.032
3.032
3.032
3.032
3.032
3.032
3.031
3.031
3.030
3.028
3.025
3.021
3.018
3.017
3.017
3.016
3.016
3.015
3.013
3.012
3.010
3.010
3.013
3.016
3.017
3.017
3.019
3.020
3.021
3.021
3.021
3.022
3.022
3.023
3.025
3.028
3.031
3.032
3.033
3.033
3.032
3.031
3.030
3.029
3.029
3.029
3.029
3.029
3.030
3.030
3.030
3.030
3.030
3.030
3.030
3.031
3.031
3.031
3.030
3.029
3.029
3.028
3.028
3.027
3.027
3.026
3.025
3.025
3.025
3.024
3.024
3.023
3.023
3.023
3.023
3.023
3.023
3.023
3.024
3.024
3.023
3.023
3.022
3.021
3.020
3.020
3.020
3.020
3.020
3.021
3.022
3.021
3.021
3.019
3.019
3.019
3.019
3.018
3.019
3.019
3.019
3.020
3.020
3.020
3.019
3.019
3.018
3.018
3.019
3.019
3.018
3.018
3.018
3.016
3.016
3.013
3.010
3.004
2.998
2.996
2.996
2.997
2.998
2.999
3.001
3.002
3.003
3.003
3.004
3.005
3.006
3.007
3.008
3.009
3.009
3.010
3.011
3.012
3.012
3.013
3.014
3.014
3.015
3.015
3.015
3.015
3.016
3.016
3.016
3.017
3.017
3.018
3.018
3.019
3.020
3.021
3.022
3.023
3.024
3.025
3.026
3.026
3.026
3.026
3.026
3.026
3.026
3.027
3.027
3.027
3.027
3.026
3.025
3.023
3.022
3.022
3.022
3.022
3.022
3.022
3.022
3.022
3.021
3.022
3.022
3.022
3.023
3.023
3.024
3.024
3.024
3.024
3.025
3.026
3.027
3.027
3.027
3.028
3.031
3.032
3.033
3.033
3.031
3.030
3.033
3.036
3.039
3.038
3.037
3.036
3.037
3.038
3.038
3.038
3.038
3.039
3.040
3.043
3.047
3.049
3.051
3.053
3.054
3.055
3.056
3.058
3.060
3.060
3.059
3.059
3.058
3.058
3.058
3.058
3.058
3.058
3.059
3.059
3.059
3.057
3.056
3.054
3.052
3.050
3.048
3.047
3.046
3.046
3.045
3.045
3.045
3.045
3.045
3.045
3.045
3.045
3.045
3.045
3.045
3.045
3.044
3.043
3.042
3.042
3.041
3.041
3.040
3.040
3.041
3.041
3.042
3.042
3.043
3.044
3.044
3.045
3.045
3.046
3.046
3.047
3.047
3.048
3.049
3.049
3.049
3.049
3.049
3.050
3.050
3.051
3.052
3.052
3.052
3.052
3.051
3.051
3.051
3.051
3.050
3.050
3.050
3.051
3.051
3.052
3.053
3.053
3.054
3.054
3.054
3.054
3.054
3.054
3.055
3.055
3.054
3.054
3.054
3.054
3.054
3.054
3.055
3.055
3.055
3.055
3.054
3.054
3.054
3.053
3.053
3.053
3.053
3.053
3.053
3.053
3.053
3.053
3.053
3.053
3.053
3.053
3.053
3.053
3.053
3.054
3.055
3.056
3.057
3.058
3.059
3.060
3.060
3.060
3.060
3.060
3.059
3.059
3.058
3.057
3.057
3.056
3.056
3.055
3.055
3.055
3.054
3.054
3.055
3.055
3.056
3.056
3.056
3.055
3.055
3.054
3.054
3.053
3.053
3.053
3.053
3.054
3.054
3.054
3.054
3.053
3.053
3.053
3.053
3.054
3.054
3.054
3.055
3.056
3.056
3.056
3.056
3.055
3.055
3.055
3.055
3.056
3.056
3.057
3.057
3.058
3.058
3.057
3.056
3.056
3.055
3.054
3.053
3.053
3.053
3.053
3.052
3.052
3.052
3.052
3.052
3.052
3.053
3.054
3.055
3.056
3.057
3.057
3.058
3.058
3.058
3.057
3.057
3.057
3.057
3.057
3.056
3.056
3.055
3.055
3.054
3.054
3.053
3.052
3.052
3.051
3.051
3.051
3.052
3.052
3.053
3.053
3.054
3.054
3.055
3.055
3.056
3.056
3.056
3.057
3.057
3.057
3.057
3.057
3.057
3.057
3.057
3.058
3.058
3.058
3.059
3.059
3.060
3.060
3.059
3.059
3.058
3.057
3.056
3.055
3.054
3.053
3.053
3.052
3.052
3.051
3.051
3.050
3.050
3.051
3.051
3.052
3.053
3.053
3.053
3.053
3.053
3.054
3.054
3.055
3.055
3.055
3.055
3.055
3.055
3.056
3.056
3.057
3.056
3.055
3.055
3.055
3.054
3.054
3.054
3.053
3.053
3.054
3.054
3.054
3.054
3.054
3.054
3.055
3.055
3.055
3.055
3.055
3.055
3.055
3.055
3.055
3.054
3.054
3.054
3.053
3.053
3.051
3.050
3.049
3.048
3.047
3.047
3.047
3.047
3.047
3.047
3.047
3.047
3.048
3.048
3.049
3.050
3.050
3.051
3.051
3.052
3.052
3.053
3.053
3.053
3.052
3.051
3.051
3.051
3.051
3.051
3.051
3.051
3.052
3.053
3.053
3.053
3.054
3.054
3.054
3.054
3.054
3.054
3.055
3.055
3.055
3.056
3.057
3.057
3.058
3.058
3.059
3.058
3.058
3.057
3.056
3.055
3.055
3.054
3.054
3.053
3.053
3.053
3.054
3.054
3.054
3.055
3.055
3.055
3.055
3.055
3.055
3.056
3.057
3.057
3.058
3.058
3.058
3.058
3.058
3.058
3.059
3.059
3.059
3.059
3.059
3.059
3.058
3.058
3.057
3.056
3.055
3.054
3.053
3.053
3.052
3.051
3.051
3.050
3.050
3.050
3.051
3.050
3.050
3.049
3.049
3.049
3.049
3.048
3.048
3.048
3.047
3.047
3.046
3.046
3.046
3.045
3.045
3.045
3.045
3.046
3.046
3.046
3.046
3.047
3.047
3.048
3.047
3.047
3.047
3.047
3.047
3.047
3.047
3.047
3.047
3.048
3.048
3.049
3.049
3.049
3.049
3.048
3.048
3.048
3.047
3.046
3.046
3.045
3.045
3.044
3.044
3.044
3.044
3.045
3.045
3.045
3.045
3.045
3.046
3.046
3.047
3.048
3.049
3.049
3.050
3.050
3.051
3.052
3.052
3.052
3.052
3.052
3.053
3.052
3.052
3.051
3.050
3.048
3.047
3.047
3.046
3.046
3.046
3.045
3.043
3.039
3.034
3.028
3.026
3.025
3.025
3.024
3.023
3.021
3.019
3.016
3.013
3.011
3.009
3.007
3.007
3.008
3.009
3.011
3.011
3.011
3.009
3.007
3.006
3.004
3.003
3.002
2.999
2.995
2.993
2.993
2.993
2.995
2.997
2.997
2.996
2.995
2.994
2.993
2.992
2.990
2.988
2.987
2.988
2.990
2.991
2.991
2.992
2.995
2.999
3.002
3.007
3.013
3.019
3.022
3.025
3.026
3.027
3.028
3.029
3.030
3.030
3.031
3.030
3.028
3.026
3.025
3.026
3.025
3.023
3.020
3.016
3.014
3.012
3.010
3.009
3.008
3.006
3.006
3.005
3.003
3.002
3.001
3.000
2.999
2.998
2.997
2.996
2.994
2.992
2.990
2.989
2.988
2.987
2.986
2.986
2.987
2.987
2.987
2.987
2.986
2.985
2.985
2.985
2.985
2.985
2.984
2.982
2.981
2.979
2.976
2.972
2.969
2.965
2.960
2.956
2.955
2.955
2.955
2.956
2.956
2.957
2.959
2.962
2.964
2.965
2.965
2.965
2.965
2.965
2.967
2.970
2.973
2.975
2.977
2.979
2.982
2.986
2.991
2.997
3.003
3.008
3.012
3.015
3.018
3.022
3.025
3.028
3.031
3.034
3.037
3.040
3.042
3.044
3.045
3.046
3.047
3.049
3.049
3.049
3.049
3.049
3.048
3.047
3.047
3.047
3.049
3.051
3.051
3.052
3.052
3.053
3.054
3.055
3.056
3.057
3.061
3.065
3.070
3.073
3.076
3.078
3.082
3.083
3.084
3.084
3.085
3.085
3.086
3.089
3.094
3.099
3.105
3.110
3.115
3.119
3.122
3.123
3.123
3.124
3.124
3.124
3.123
3.122
3.122
3.122
3.122
3.122
3.122
3.124
3.126
3.130
3.134
3.138
3.140
3.143
3.145
3.148
3.150
3.152
3.154
3.157
3.159
3.162
3.165
3.167
3.168
3.169
3.171
3.174
3.178
3.183
3.187
3.192
3.197
3.202
3.207
3.211
3.216
3.220
3.224
3.227
3.231
3.236
3.240
3.243
3.247
3.250
3.253
3.256
3.259
3.262
3.263
3.264
3.265
3.265
3.266
3.267
3.269
3.270
3.270
3.271
3.273
3.275
3.278
3.281
3.283
3.284
3.284
3.284
3.283
3.283
3.283
3.283
3.283
3.285
3.288
3.291
3.294
3.296
3.297
3.298
3.298
3.297
3.295
3.293
3.290
3.286
3.282
3.279
3.276
3.273
3.271
3.269
3.269
3.268
3.267
3.266
3.265
3.264
3.262
3.259
3.256
3.253
3.250
3.248
3.247
3.247
3.248
3.249
3.249
3.249
3.248
3.247
3.246
3.245
3.245
3.246
3.248
3.251
3.255
3.259
3.264
3.268
3.272
3.277
3.281
3.285
3.290
3.293
3.294
3.292
3.290
3.286
3.282
3.279
3.278
3.279
3.281
3.284
3.286
3.286
3.285
3.283
3.281
3.278
3.275
3.271
3.266
3.262
3.259
3.256
3.254
3.250
3.247
3.244
3.243
3.242
3.243
3.243
3.242
3.240
3.237
3.235
3.233
3.231
3.230
3.230
3.230
3.228
3.224
3.218
3.212
3.206
3.201
3.197
3.193
3.190
3.188
3.185
3.181
3.179
3.176
3.174
3.173
3.171
3.170
3.168
3.166
3.164
3.161
3.157
3.154
3.152
3.149
3.147
3.144
3.141
3.139
3.136
3.133
3.130
3.128
3.125
3.122
3.117
3.112
3.105
3.097
3.089
3.082
3.076
3.071
3.066
3.060
3.055
3.049
3.044
3.038
3.034
3.030
3.026
3.021
3.016
3.010
3.005
3.000
2.995
2.989
2.984
2.977
2.969
2.961
2.952
2.943
2.933
2.922
2.911
2.899
2.887
2.875
2.863
2.852
2.841
2.830
2.820
2.811
2.801
2.793
2.786
2.778
2.770
2.760
2.750
2.739
2.729
2.719
2.710
2.701
2.691
2.682
2.673
2.665
2.657
2.647
2.636
2.626
2.616
2.606
2.597
2.588
2.578
2.568
2.558
2.547
2.534
2.520
2.506
2.491
2.475
2.460
2.445
2.430
2.415
2.401
2.387
2.375
2.364
2.353
2.343
2.334
2.325
2.315
2.305
2.295
2.284
2.273
2.262
2.252
2.242
2.232
2.223
2.214
2.206
2.197
2.188
2.178
2.168
2.157
2.146
2.136
2.125
2.116
2.107
2.098
2.089
2.079
2.070
2.063
2.056
2.050
2.044
2.038
2.032
2.025
2.019
2.013
2.007
2.001
1.996
1.990
1.985
1.981
1.977
1.973
1.970
1.967
1.965
1.963
1.960
1.958
1.956
1.955
1.954
1.952
1.949
1.944
1.938
1.932
1.926
1.918
1.909
1.901
1.894
1.887
1.881
1.875
1.867
1.859
1.850
1.841
1.830
1.819
1.806
1.794
1.782
1.771
1.759
1.746
1.733
1.720
1.707
1.693
1.680
1.665
1.649
1.633
1.616
1.599
1.581
1.562
1.543
1.523
1.505
1.485
1.463
1.441
1.419
1.398
1.378
1.357
1.338
1.321
1.306
1.291
1.277
1.261
1.245
1.229
1.215
1.201
1.188
1.174
1.161
1.148
1.135
1.123
1.112
1.101
1.090
1.081
1.071
1.061
1.052
1.043
1.034
1.025
1.015
1.005
0.994
0.984
0.974
0.964
0.955
0.945
0.935
0.926
0.916
0.907
0.897
0.888
0.879
0.872
0.866
0.860
0.853
0.845
0.837
0.828
0.820
0.812
0.804
0.797
0.788
0.778
0.766
0.753
0.740
0.728
0.715
0.703
0.689
0.674
0.657
0.639
0.618
0.597
0.575
0.553
0.532
0.510
0.488
0.464
0.440
0.414
0.386
0.357
0.328
0.298
0.270
0.242
0.216
0.192
0.168
0.144
0.120
0.095
0.071
0.048
0.024
6.283
6.260
6.236
6.213
6.190
6.167
6.144
6.120
6.095
6.072
6.049
6.029
6.009
5.992
5.976
5.962
5.949
5.936
5.923
5.911
5.897
5.882
5.868
5.854
5.840
5.826
5.814
5.800
5.786
5.771
5.756
5.741
5.727
5.714
5.702
5.689
5.677
5.664
5.651
5.637
5.624
5.612
5.600
5.589
5.577
5.565
5.553
5.539
5.526
5.511
5.495
5.477
5.459
5.442
5.425
5.409
5.393
5.379
5.364
5.350
5.335
5.319
5.304
5.288
5.273
5.257
5.241
5.226
5.211
5.196
5.182
5.169
5.157
5.145
5.132
5.120
5.109
5.100
5.090
5.081
5.072
5.064
5.056
5.049
5.041
5.035
5.029
5.024
5.019
5.015
5.010
5.006
5.002
4.998
4.995
4.991
4.987
4.981
4.976
4.971
4.966
4.961
4.957
4.954
4.950
4.946
4.943
4.940
4.937
4.934
4.932
4.930
4.928
4.926
4.924
4.922
4.920
4.918
4.916
4.915
4.914
4.913
4.913
4.914
4.915
4.916
4.917
4.918
4.919
4.921
4.922
4.923
4.925
4.926
4.928
4.930
4.932
4.934
4.935
4.935
4.934
4.933
4.932
4.930
4.929
4.927
4.925
4.924
4.924
4.923
4.923
4.922
4.921
4.921
4.921
4.922
4.921
4.921
4.921
4.921
4.921
4.921
4.922
4.921
4.921
4.920
4.919
4.917
4.916
4.916
4.916
4.916
4.916
4.915
4.915
4.916
4.916
4.916
4.915
4.914
4.913
4.912
4.912
4.911
4.910
4.909
4.908
4.908
4.908
4.909
4.911
4.913
4.916
4.919
4.921
4.924
4.927
4.929
4.931
4.932
4.934
4.935
4.937
4.937
4.938
4.938
4.938
4.937
4.936
4.935
4.937
4.935
4.931
4.928
4.927
4.927
4.928
4.930
4.933
4.937
4.941
4.944
4.948
4.953
4.958
4.964
4.970
4.975
4.981
4.987
4.993
4.999
5.004
5.011
5.016
5.022
5.026
5.030
5.034
5.039
5.043
5.046
5.049
5.051
5.054
5.058
5.063
5.070
5.077
5.085
5.092
5.098
5.104
5.108
5.113
5.118
5.123
5.127
5.130
5.133
5.135
5.138
5.140
5.142
5.142
5.141
5.140
5.138
5.134
5.128
5.120
5.110
5.099
5.089
5.079
5.069
5.059
5.051
5.044
5.037
5.031
5.024
5.017
5.009
5.001
4.993
4.982
4.972
4.962
4.952
4.943
4.934
4.924
4.914
4.903
4.891
4.880
4.870
4.862
4.853
4.843
4.833
4.822
4.812
4.801
4.790
4.779
4.768
4.757
4.745
4.734
4.723
4.711
4.700
4.690
4.681
4.673
4.664
4.656
4.647
4.640
4.633
4.626
4.618
4.610
4.602
4.594
4.586
4.579
4.572
4.566
4.560
4.555
4.550
4.546
4.542
4.539
4.537
4.535
4.534
4.533
4.532
4.532
4.532
4.533
4.533
4.534
4.537
4.539
4.542
4.543
4.542
4.540
4.536
4.532
4.527
4.523
4.518
4.515
4.511
4.507
4.503
4.498
4.492
4.486
4.480
4.475
4.471
4.468
4.465
4.463
4.461
4.460
4.458
4.457
4.456
4.455
4.454
4.453
4.450
4.447
4.442
4.436
4.431
4.426
4.420
4.413
4.407
4.401
4.395
4.389
4.384
4.380
4.377
4.373
4.368
4.363
4.359
4.355
4.352
4.349
4.347
4.345
4.343
4.342
4.341
4.339
4.338
4.337
4.336
4.335
4.334
4.333
4.332
4.331
4.329
4.326
4.324
4.321
4.319
4.318
4.320
4.323
4.328
4.333
4.338
4.344
4.350
4.357
4.364
4.371
4.378
4.385
4.393
4.401
4.410
4.420
4.430
4.441
4.452
4.462
4.471
4.478
4.484
4.490
4.495
4.500
4.505
4.509
4.513
4.517
4.520
4.522
4.523
4.523
4.522
4.522
4.521
4.520
4.520
4.519
4.519
4.519
4.519
4.518
4.518
4.517
4.516
4.515
4.514
4.513
4.512
4.511
4.509
4.509
4.509
4.508
4.507
4.505
4.503
4.503
4.503
4.505
4.507
4.510
4.513
4.514
4.515
4.514
4.513
4.513
4.513
4.514
4.516
4.518
4.522
4.526
4.531
4.537
4.543
4.548
4.554
4.559
4.563
4.567
4.570
4.572
4.573
4.575
4.576
4.578
4.580
4.582
4.585
4.589
4.594
4.600
4.606
4.613
4.618
4.625
4.631
4.638
4.646
4.653
4.661
4.669
4.678
4.687
4.697
4.706
4.715
4.722
4.729
4.734
4.738
4.742
4.745
4.748
4.752
4.755
4.758
4.760
4.761
4.760
4.758
4.754
4.752
4.751
4.750
4.748
4.745
4.744
4.744
4.745
4.745
4.744
4.742
4.741
4.741
4.741
4.741
4.742
4.743
4.743
4.743
4.743
4.742
4.739
4.735
4.731
4.726
4.722
4.719
4.716
4.714
4.712
4.711
4.709
4.708
4.705
4.702
4.698
4.694
4.691
4.687
4.683
4.680
4.678
4.678
4.679
4.680
4.682
4.682
4.682
4.681
4.679
4.676
4.673
4.670
4.668
4.666
4.664
4.664
4.666
4.670
4.675
4.681
4.685
4.689
4.692
4.696
4.700
4.703
4.706
4.710
4.713
4.717
4.722
4.729
4.735
4.742
4.748
4.754
4.758
4.763
4.767
4.773
4.778
4.782
4.787
4.790
4.792
4.792
4.790
4.787
4.783
4.780
4.778
4.776
4.776
4.777
4.778
4.780
4.782
4.783
4.783
4.783
4.783
4.783
4.783
4.783
4.783
4.783
4.782
4.781
4.780
4.780
4.779
4.777
4.776
4.774
4.772
4.769
4.767
4.766
4.765
4.765
4.765
4.765
4.765
4.766
4.767
4.768
4.769
4.770
4.770
4.770
4.769
4.769
4.769
4.770
4.771
4.774
4.777
4.780
4.784
4.787
4.790
4.791
4.792
4.793
4.793
4.792
4.791
4.790
4.790
4.791
4.793
4.795
4.798
4.801
4.805
4.810
4.814
4.817
4.820
4.824
4.828
4.834
4.839
4.845
4.851
4.855
4.858
4.859
4.857
4.854
4.849
4.843
4.837
4.830
4.821
4.811
4.797
4.780
4.760
4.738
4.715
4.690
4.666
4.642
4.619
4.597
4.575
4.552
4.529
4.505
4.481
4.456
4.432
4.408
4.385
4.363
4.341
4.318
4.294
4.269
4.242
4.213
4.183
4.152
4.119
4.086
4.053
4.021
3.988
3.952
3.917
3.882
3.847
3.814
3.783
3.754
3.726
3.698
3.670
3.642
3.612
3.581
3.550
3.520
3.489
3.459
3.429
3.399
3.369
3.340
3.312
3.284
3.256
3.228
3.201
3.174
3.148
3.122
3.097
3.073
3.049
3.026
3.003
2.981
2.960
2.939
2.920
2.902
2.886
2.871
2.857
2.842
2.827
2.811
2.793
2.774
2.754
2.733
2.713
2.694
2.675
2.658
2.641
2.625
2.609
2.594
2.579
2.564
2.549
2.534
2.519
2.504
2.490
2.476
2.463
2.450
2.438
2.427
2.417
2.407
2.397
2.388
2.379
2.370
2.362
2.355
2.348
2.341
2.334
2.327
2.319
2.311
2.304
2.297
2.291
2.286
2.282
2.278
2.276
2.274
2.273
2.272
2.272
2.271
2.270
2.269
2.268
2.267
2.267
2.266
2.265
2.263
2.261
2.259
2.256
2.253
2.250
2.247
2.243
2.238
2.234
2.230
2.226
2.222
2.218
2.214
2.211
2.207
2.204
2.200
2.197
2.194
2.190
2.188
2.185
2.183
2.181
2.179
2.177
2.175
2.174
2.172
2.170
2.167
2.164
2.162
2.159
2.155
2.152
2.147
2.142
2.137
2.132
2.127
2.121
2.116
2.111
2.105
2.099
2.092
2.085
2.079
2.072
2.066
2.059
2.052
2.045
2.038
2.032
2.025
2.017
2.010
2.003
1.996
1.989
1.982
1.976
1.970
1.963
1.956
1.947
1.938
1.930
1.924
1.919
1.914
1.911
1.908
1.906
1.904
1.902
1.899
1.896
1.894
1.891
1.888
1.884
1.879
1.873
1.869
1.867
1.861
1.854
1.847
1.840
1.835
1.832
1.830
1.829
1.828
1.827
1.825
1.823
1.821
1.818
1.816
1.813
1.811
1.809
1.806
1.805
1.804
1.803
1.803
1.804
1.803
1.803
1.803
1.804
1.805
1.807
1.809
1.811
1.812
1.813
1.812
1.811
1.810
1.810
1.810
1.811
1.812
1.813
1.817
1.821
1.824
1.828
1.830
1.831
1.831
1.830
1.830
1.830
1.831
1.831
1.832
1.832
1.833
1.834
1.834
1.835
1.834
1.834
1.832
1.828
1.824
1.819
1.814
1.808
1.803
1.797
1.792
1.786
1.780
1.774
1.769
1.765
1.764
1.763
1.763
1.764
1.766
1.768
1.770
1.773
1.776
1.777
1.776
1.772
1.768
1.763
1.759
1.757
1.755
1.754
1.754
1.755
1.756
1.757
1.758
1.759
1.759
1.760
1.761
1.763
1.766
1.768
1.771
1.774
1.777
1.780
1.785
1.790
1.795
1.800
1.805
1.810
1.815
1.820
1.826
1.832
1.837
1.841
1.844
1.846
1.848
1.849
1.852
1.855
1.859
1.863
1.866
1.870
1.873
1.876
1.880
1.883
1.885
1.887
1.887
1.886
1.883
1.879
1.874
1.870
1.865
1.860
1.856
1.852
1.847
1.841
1.835
1.829
1.824
1.818
1.812
1.805
1.797
1.789
1.782
1.774
1.766
1.759
1.753
1.748
1.745
1.743
1.743
1.743
1.744
1.746
1.748
1.748
1.747
1.745
1.742
1.738
1.733
1.728
1.724
1.722
1.720
1.719
1.717
1.717
1.718
1.719
1.721
1.723
1.725
1.727
1.729
1.731
1.733
1.735
1.738
1.741
1.744
1.747
1.750
1.753
1.756
1.759
1.763
1.767
1.769
1.775
1.777
1.778
1.779
1.781
1.783
1.786
1.790
1.795
1.803
1.812
1.821
1.830
1.838
1.846
1.854
1.864
1.875
1.887
1.898
1.909
1.920
1.930
1.940
1.950
1.960
1.970
1.980
1.990
2.000
2.012
2.026
2.040
2.055
2.068
2.080
2.091
2.101
2.109
2.117
2.124
2.131
2.138
2.144
2.150
2.156
2.162
2.168
2.173
2.179
2.185
2.190
2.195
2.200
2.205
2.210
2.215
2.218
2.221
2.223
2.224
2.224
2.224
2.224
2.224
2.223
2.223
2.221
2.220
2.219
2.217
2.215
2.213
2.210
2.206
2.202
2.197
2.191
2.186
2.179
2.172
2.164
2.155
2.148
2.142
2.137
2.133
2.128
2.123
2.117
2.111
2.104
2.097
2.090
2.083
2.077
2.071
2.066
2.062
2.059
2.056
2.053
2.049
2.046
2.041
2.037
2.032
2.026
2.020
2.015
2.009
2.003
1.998
1.993
1.990
1.987
1.981
1.975
1.970
1.965
1.961
1.958
1.954
1.951
1.948
1.946
1.944
1.942
1.940
1.936
1.932
1.928
1.923
1.917
1.909
1.899
1.887
1.876
1.866
1.856
1.847
1.838
1.831
1.823
1.814
1.804
1.795
1.786
1.778
1.768
1.759
1.749
1.737
1.724
1.708
1.691
1.671
1.651
1.631
1.610
1.590
1.572
1.553
1.535
1.515
1.494
1.471
1.448
1.424
1.397
1.369
1.340
1.308
1.274
1.239
1.208
1.179
1.150
1.122
1.096
1.071
1.050
1.031
1.018
1.004
0.992
0.982
0.975
0.970
0.968
0.967
0.968
0.971
0.975
0.977
0.979
0.977
0.970
0.960
0.947
0.933
0.923
0.916
0.915
0.920
0.936
0.925
0.891
0.916
0.920
0.914
0.911
0.914
0.902
0.897
0.894
0.902
0.905
0.908
0.915
0.922
0.925
0.926
0.927
0.931
0.936
0.940
0.941
0.944
0.943
0.946
0.948
0.951
0.953
0.954
0.954
0.953
0.953
0.953
0.953
0.953
0.951
0.948
0.944
0.941
0.939
0.938
0.937
0.937
0.936
0.934
0.930
0.925
0.920
0.915
0.911
0.908
0.907
0.906
0.906
0.907
0.907
0.905
0.902
0.899
0.895
0.891
0.889
0.887
0.888
0.891
0.895
0.901
0.905
0.908
0.910
0.913
0.917
0.922
0.927
0.930
0.931
0.929
0.929
0.929
0.929
0.928
0.927
0.926
0.925
0.924
0.923
0.923
0.923
0.922
0.922
0.923
0.923
0.925
0.929
0.934
0.939
0.944
0.947
0.951
0.955
0.960
0.968
0.977
0.986
0.996
1.006
1.018
1.032
1.045
1.059
1.074
1.089
1.104
1.119
1.133
1.146
1.158
1.169
1.178
1.186
1.192
1.200
1.209
1.218
1.226
1.233
1.238
1.240
1.240
1.240
1.241
1.243
1.245
1.247
1.249
1.250
1.252
1.254
1.255
1.256
1.256
1.256
1.257
1.259
1.262
1.266
1.272
1.277
1.282
1.286
1.289
1.292
1.294
1.296
1.298
1.299
1.300
1.300
1.299
1.297
1.296
1.296
1.297
1.299
1.301
1.301
1.302
1.303
1.306
1.308
1.311
1.313
1.314
1.317
1.320
1.325
1.332
1.341
1.349
1.356
1.362
1.367
1.371
1.375
1.378
1.381
1.383
1.386
1.388
1.390
1.393
1.396
1.399
1.402
1.406
1.410
1.415
1.420
1.425
1.431
1.437
1.443
1.450
1.455
1.460
1.465
1.469
1.474
1.479
1.485
1.490
1.495
1.500
1.503
1.506
1.507
1.507
1.507
1.507
1.508
1.509
1.510
1.511
1.512
1.514
1.516
1.518
1.520
1.523
1.525
1.528
1.529
1.531
1.533
1.534
1.535
1.537
1.539
1.542
1.546
1.550
1.554
1.558
1.561
1.564
1.568
1.570
1.572
1.574
1.574
1.575
1.575
1.576
1.577
1.580
1.583
1.585
1.588
1.590
1.592
1.594
1.595
1.597
1.599
1.601
1.602
1.603
1.604
1.605
1.607
1.608
1.609
1.609
1.610
1.610
1.611
1.611
1.612
1.613
1.614
1.615
1.616
1.618
1.618
1.619
1.620
1.620
1.621
1.622
1.622
1.623
1.623
1.622
1.622
1.621
1.620
1.620
1.620
1.620
1.620
1.621
1.622
1.622
1.623
1.624
1.625
1.626
1.627
1.628
1.629
1.630
1.632
1.634
1.636
1.638
1.639
1.641
1.644
1.647
1.650
1.653
1.656
1.658
1.660
1.661
1.661
1.661
1.661
1.661
1.661
1.661
1.661
1.661
1.662
1.662
1.662
1.661
1.660
1.659
1.657
1.656
1.656
1.656
1.655
1.655
1.656
1.656
1.657
1.657
1.657
1.657
1.656
1.655
1.655
1.655
1.654
1.655
1.655
1.656
1.657
1.658
1.659
1.659
1.659
1.660
1.662
1.664
1.666
1.667
1.669
1.670
1.671
1.672
1.673
1.675
1.676
1.677
1.680
1.682
1.685
1.688
1.690
1.693
1.695
1.698
1.700
1.703
1.705
1.706
1.706
1.705
1.705
1.704
1.704
1.704
1.704
1.704
1.705
1.706
1.707
1.708
1.709
1.709
1.708
1.706
1.705
1.703
1.702
1.702
1.702
1.703
1.703
1.704
1.706
1.708
1.712
1.717
1.723
1.729
1.734
1.738
1.739
1.737
1.734
1.729
1.724
1.719
1.714
1.711
1.705
1.695
1.686
1.680
1.675
1.673
1.674
1.677
1.682
1.689
1.697
1.704
1.709
1.714
1.717
1.719
1.721
1.723
1.726
1.728
1.730
1.733
1.735
1.738
1.742
1.746
1.749
1.752
1.753
1.754
1.754
1.755
1.757
1.759
1.762
1.766
1.769
1.772
1.775
1.779
1.784
1.791
1.799
1.806
1.810
1.812
1.814
1.814
1.815
1.815
1.816
1.819
1.821
1.823
1.823
1.823
1.822
1.820
1.817
1.814
1.812
1.808
1.805
1.803
1.801
1.798
1.795
1.791
1.785
1.780
1.775
1.771
1.768
1.765
1.762
1.760
1.758
1.757
1.755
1.752
1.748
1.743
1.738
1.734
1.731
1.729
1.728
1.728
1.727
1.727
1.725
1.723
1.721
1.718
1.713
1.708
1.702
1.697
1.693
1.689
1.686
1.682
1.678
1.673
1.667
1.659
1.650
1.641
1.632
1.622
1.613
1.603
1.594
1.585
1.577
1.570
1.563
1.557
1.551
1.546
1.541
1.536
1.532
1.528
1.526
1.526
1.526
1.527
1.529
1.530
1.533
1.535
1.540
1.546
1.553
1.561
1.569
1.576
1.581
1.585
1.588
1.589
1.590
1.590
1.592
1.597
1.604
1.611
1.618
1.624
1.630
1.636
1.641
1.646
1.650
1.655
1.659
1.665
1.670
1.677
1.683
1.690
1.694
1.696
1.698
1.700
1.702
1.705
1.709
1.712
1.715
1.717
1.719
1.721
1.724
1.727
1.729
1.730
1.731
1.732
1.733
1.734
1.736
1.736
1.735
1.733
1.730
1.726
1.723
1.719
1.717
1.714
1.712
1.709
1.707
1.704
1.700
1.696
1.691
1.686
1.682
1.677
1.669
1.661
1.651
1.641
1.631
1.621
1.614
1.608
1.602
1.595
1.588
1.582
1.576
1.569
1.564
1.558
1.554
1.552
1.552
1.554
1.556
1.560
1.564
1.568
1.572
1.577
1.582
1.587
1.593
1.600
1.608
1.615
1.623
1.630
1.638
1.646
1.653
1.659
1.667
1.673
1.680
1.689
1.698
1.707
1.716
1.724
1.733
1.740
1.748
1.755
1.762
1.768
1.772
1.776
1.780
1.783
1.787
1.791
1.794
1.798
1.802
1.807
1.812
1.817
1.823
1.828
1.833
1.838
1.842
1.846
1.849
1.851
1.853
1.854
1.856
1.857
1.857
1.857
1.857
1.856
1.855
1.854
1.854
1.853
1.853
1.853
1.852
1.851
1.851
1.851
1.852
1.852
1.853
1.854
1.855
1.857
1.860
1.863
1.868
1.872
1.876
1.880
1.882
1.883
1.884
1.884
1.884
1.883
1.883
1.884
1.886
1.888
1.891
1.894
1.896
1.899
1.900
1.901
1.902
1.902
1.903
1.903
1.903
1.902
1.901
1.899
1.897
1.894
1.892
1.890
1.889
1.888
1.887
1.885
1.882
1.880
1.877
1.874
1.870
1.867
1.864
1.861
1.859
1.856
1.853
1.850
1.847
1.844
1.841
1.840
1.839
1.840
1.841
1.843
1.846
1.848
1.849
1.849
1.849
1.850
1.850
1.850
1.852
1.855
1.858
1.861
1.863
1.865
1.866
1.867
1.868
1.868
1.869
1.870
1.870
1.871
1.871
1.871
1.871
1.873
1.875
1.878
1.882
1.886
1.891
1.896
1.902
1.909
1.916
1.925
1.933
1.942
1.950
1.956
1.962
1.967
1.971
1.975
1.978
1.982
1.987
1.991
1.994
1.995
1.997
1.998
2.000
2.003
2.007
2.010
2.014
2.017
2.019
2.021
2.021
2.022
2.023
2.023
2.023
2.022
2.022
2.021
2.020
2.019
2.018
2.016
2.015
2.014
2.013
2.012
2.009
2.005
2.000
1.995
1.991
1.990
1.992
1.994
1.996
1.996
1.995
1.992
1.989
1.988
1.990
1.993
1.999
2.004
2.010
2.014
2.017
2.019
2.022
2.026
2.030
2.034
2.039
2.044
2.051
2.057
2.063
2.069
2.075
2.081
2.087
2.094
2.102
2.110
2.119
2.129
2.140
2.151
2.163
2.175
2.187
2.199
2.212
2.226
2.242
2.259
2.276
2.293
2.312
2.331
2.350
2.368
2.387
2.405
2.423
2.441
2.459
2.476
2.492
2.507
2.522
2.535
2.549
2.563
2.577
2.591
2.606
2.619
2.632
2.644
2.654
2.662
2.670
2.678
2.684
2.690
2.696
2.702
2.707
2.712
2.717
2.721
2.725
2.728
2.732
2.736
2.739
2.741
2.743
2.745
2.747
2.750
2.752
2.753
2.752
2.753
2.756
2.764
2.775
2.787
2.798
2.808
2.816
2.821
2.824
2.825
2.824
2.822
2.820
2.819
2.819
2.820
2.821
2.821
2.822
2.823
2.824
2.826
2.828
2.831
2.834
2.836
2.838
2.841
2.844
2.847
2.851
2.854
2.858
2.862
2.866
2.871
2.877
2.885
2.893
2.902
2.910
2.918
2.925
2.932
2.938
2.945
2.952
2.959
2.965
2.970
2.974
2.977
2.980
2.984
2.988
2.992
2.996
3.000
3.004
3.007
3.009
3.010
3.010
3.010
3.011
3.012
3.011
3.011
3.010
3.009
3.008
3.007
3.006
3.004
3.001
2.998
2.995
2.991
2.986
2.981
2.976
2.974
2.973
2.971
2.967
2.962
2.957
2.953
2.950
2.947
2.945
2.942
2.940
2.940
2.940
2.939
2.939
2.937
2.936
2.932
2.928
2.925
2.924
2.922
2.920
2.917
2.912
2.908
2.904
2.900
2.897
2.894
2.891
2.889
2.887
2.885
2.882
2.881
2.880
2.881
2.884
2.886
2.890
2.894
2.897
2.901
2.903
2.905
2.906
2.907
2.908
2.910
2.910
2.910
2.910
2.909
2.907
2.904
2.902
2.900
2.899
2.898
2.898
2.897
2.895
2.893
2.891
2.889
2.888
2.886
2.885
2.882
2.879
2.875
2.871
2.867
2.863
2.860
2.857
2.853
2.849
2.845
2.841
2.837
2.833
2.831
2.830
2.830
2.829
2.829
2.829
2.831
2.835
2.839
2.844
2.848
2.851
2.851
2.849
2.847
2.843
2.839
2.835
2.830
2.826
2.823
2.822
2.821
2.821
2.821
2.820
2.818
2.816
2.814
2.815
2.816
2.818
2.821
2.823
2.826
2.830
2.836
2.844
2.853
2.863
2.873
2.883
2.894
2.906
2.918
2.930
2.941
2.951
2.961
2.972
2.984
2.997
3.010
3.022
3.033
3.041
3.048
3.055
3.061
3.066
3.071
3.076
3.079
3.082
3.086
3.090
3.094
3.097
3.100
3.103
3.106
3.108
3.110
3.112
3.113
3.114
3.116
3.118
3.121
3.124
3.128
3.131
3.133
3.134
3.137
3.140
3.144
3.149
3.154
3.159
3.164
3.169
3.176
3.183
3.191
3.199
3.205
3.211
3.215
3.219
3.222
3.225
3.228
3.231
3.233
3.235
3.238
3.242
3.246
3.249
3.252
3.255
3.257
3.261
3.264
3.269
3.275
3.281
3.288
3.295
3.303
3.310
3.318
3.326
3.333
3.341
3.348
3.355
3.363
3.372
3.381
3.388
3.393
3.396
3.399
3.400
3.400
3.400
3.399
3.398
3.398
3.399
3.400
3.401
3.402
3.403
3.404
3.405
3.406
3.407
3.407
3.408
3.408
3.407
3.407
3.406
3.405
3.402
3.400
3.396
3.392
3.387
3.383
3.377
3.371
3.364
3.356
3.348
3.340
3.331
3.322
3.314
3.306
3.300
3.294
3.288
3.283
3.278
3.272
3.267
3.262
3.257
3.253
3.249
3.245
3.241
3.237
3.234
3.230
3.227
3.224
3.221
3.219
3.217
3.215
3.212
3.209
3.206
3.204
3.201
3.199
3.198
3.197
3.197
3.196
3.196
3.195
3.194
3.194
3.194
3.194
3.193
3.194
3.196
3.198
3.201
3.203
3.204
3.206
3.209
3.210
3.210
3.210
3.211
3.212
3.214
3.216
3.220
3.224
3.224
3.224
3.223
3.221
3.219
3.216
3.214
3.212
3.210
3.209
3.207
3.205
3.203
3.200
3.198
3.194
3.190
3.186
3.182
3.177
3.171
3.164
3.156
3.146
3.132
3.120
3.106
3.093
3.089
3.087
3.087
3.087
3.087
3.085
3.082
3.079
3.075
3.072
3.070
3.069
3.066
3.064
3.062
3.059
3.055
3.052
3.050
3.047
3.045
3.042
3.040
3.038
3.037
3.035
3.033
3.031
3.030
3.029
3.028
3.028
3.028
3.029
3.031
3.034
3.038
3.042
3.046
3.052
3.058
3.064
3.070
3.075
3.079
3.083
3.085
3.088
3.090
3.093
3.096
3.099
3.102
3.104
3.107
3.110
3.113
3.117
3.120
3.122
3.125
3.127
3.130
3.133
3.135
3.137
3.139
3.140
3.141
3.142
3.142
3.142
3.143
3.144
3.145
3.145
3.145
3.144
3.143
3.141
3.138
3.135
3.132
3.129
3.126
3.124
3.123
3.122
3.121
3.120
3.119
3.118
3.118
3.118
3.120
3.121
3.122
3.123
3.125
3.127
3.129
3.131
3.134
3.137
3.140
3.144
3.150
3.156
3.163
3.171
3.179
3.188
3.196
3.206
3.217
3.228
3.240
3.253
3.267
3.282
3.299
3.317
3.337
3.357
3.380
3.403
3.428
3.454
3.481
3.509
3.538
3.568
3.599
3.632
3.666
3.702
3.738
3.774
3.814
3.854
3.894
3.933
3.973
4.011
4.049
4.085
4.120
4.155
4.191
4.229
4.269
4.310
4.351
4.391
4.431
4.470
4.509
4.550
4.591
4.632
4.675
4.716
4.757
4.798
4.837
4.876
4.914
4.952
4.990
5.028
5.067
5.106
5.144
5.183
5.221
5.257
5.292
5.327
5.360
5.391
5.422
5.452
5.481
5.510
5.538
5.566
5.593
5.618
5.642
5.666
5.688
5.710
5.731
5.751
5.770
5.789
5.806
5.823
5.840
5.856
5.872
5.886
5.899
5.911
5.922
5.932
5.942
5.950
5.958
5.965
5.972
5.979
5.985
5.991
5.997
6.002
6.007
6.012
6.016
6.019
6.023
6.028
6.034
6.040
6.046
6.052
6.057
6.062
6.067
6.072
6.076
6.080
6.085
6.090
6.096
6.102
6.108
6.114
6.121
6.128
6.135
6.143
6.151
6.159
6.167
6.175
6.183
6.191
6.198
6.204
6.210
6.215
6.220
6.225
6.230
6.235
6.241
6.247
6.252
6.257
6.263
6.268
6.273
6.278
6.282
0.003
0.007
0.011
0.016
0.021
0.027
0.031
0.035
0.038
0.041
0.044
0.047
0.050
0.053
0.056
0.059
0.061
0.063
0.065
0.066
0.066
0.065
0.064
0.063
0.062
0.061
0.059
0.058
0.056
0.054
0.053
0.052
0.051
0.051
0.051
0.052
0.052
0.053
0.052
0.052
0.051
0.049
0.047
0.043
0.041
0.041
0.032
0.021
0.007
6.274
6.261
6.254
6.249
6.244
6.239
6.235
6.236
6.235
6.231
6.225
6.220
6.216
6.213
6.209
6.207
6.205
6.204
6.203
6.203
6.202
6.202
6.202
6.201
6.201
6.200
6.198
6.197
6.197
6.196
6.196
6.195
6.195
6.195
6.195
6.195
6.196
6.198
6.199
6.202
6.204
6.207
6.209
6.212
6.214
6.217
6.221
6.224
6.226
6.228
6.228
6.227
6.226
6.223
6.221
6.219
6.216
6.213
6.212
6.214
6.216
6.219
6.221
6.222
6.222
6.222
6.221
6.221
6.220
6.219
6.218
6.217
6.215
6.212
6.210
6.209
6.208
6.207
6.207
6.206
6.206
6.205
6.203
6.201
6.198
6.194
6.191
6.187
6.180
6.173
6.167
6.164
6.161
6.160
6.159
6.158
6.158
6.158
6.159
6.161
6.163
6.165
6.167
6.169
6.169
6.168
6.168
6.167
6.168
6.168
6.169
6.170
6.173
6.176
6.179
6.183
6.187
6.192
6.198
6.204
6.211
6.218
6.226
6.234
6.242
6.251
6.259
6.269
6.279
0.007
0.018
0.030
0.042
0.055
0.068
0.082
0.095
0.108
0.120
0.129
0.137
0.144
0.150
0.155
0.159
0.164
0.168
0.173
0.178
0.184
0.189
0.194
0.200
0.205
0.210
0.215
0.220
0.225
0.230
0.235
0.240
0.244
0.248
0.251
0.254
0.256
0.259
0.262
0.265
0.268
0.270
0.273
0.274
0.276
0.276
0.275
0.272
0.270
0.269
0.270
0.272
0.275
0.277
0.278
0.279
0.279
0.281
0.283
0.284
0.285
0.286
0.286
0.287
0.288
0.288
0.287
0.288
0.288
0.289
0.292
0.297
0.301
0.307
0.312
0.317
0.323
0.328
0.333
0.337
0.342
0.346
0.351
0.355
0.358
0.360
0.361
0.362
0.364
0.366
0.366
0.366
0.367
0.370
0.374
0.377
0.379
0.376
0.370
0.363
0.355
0.348
0.343
0.339
0.336
0.335
0.335
0.334
0.333
0.330
0.325
0.319
0.313
0.307
0.301
0.297
0.294
0.292
0.289
0.285
0.281
0.278
0.275
0.272
0.269
0.265
0.260
0.256
0.249
0.241
0.233
0.225
0.215
0.204
0.193
0.182
0.172
0.163
0.152
0.138
0.123
0.106
0.090
0.074
0.059
0.045
0.035
0.026
0.018
0.011
0.005
6.282
6.276
6.271
6.266
6.262
6.260
6.259
6.257
6.255
6.253
6.252
6.250
6.247
6.244
6.242
6.239
6.236
6.233
6.230
6.229
6.228
6.226
6.225
6.224
6.223
6.223
6.223
6.224
6.226
6.227
6.227
6.226
6.224
6.220
6.217
6.214
6.212
6.214
6.217
6.221
6.223
6.224
6.223
6.220
6.217
6.215
6.213
6.211
6.208
6.206
6.204
6.202
6.200
6.197
6.194
6.191
6.188
6.184
6.180
6.175
6.169
6.162
6.154
6.145
6.137
6.128
6.119
6.112
6.105
6.099
6.096
6.093
6.090
6.086
6.081
6.076
6.071
6.067
6.063
6.059
6.055
6.053
6.052
6.051
6.050
6.050
6.050
6.050
6.050
6.051
6.052
6.053
6.056
6.060
6.064
6.070
6.075
6.081
6.087
6.093
6.099
6.104
6.109
6.115
6.121
6.127
6.134
6.141
6.150
6.158
6.166
6.176
6.186
6.195
6.203
6.209
6.214
6.216
6.218
6.219
6.222
6.224
6.228
6.233
6.238
6.244
6.248
6.250
6.252
6.253
6.253
6.253
6.253
6.254
6.254
6.255
6.255
6.256
6.256
6.257
6.257
6.258
6.257
6.256
6.253
6.249
6.244
6.237
6.232
6.230
6.219
6.207
6.195
6.174
6.163
6.157
6.154
6.151
6.147
6.142
6.136
6.129
6.122
6.113
6.104
6.093
6.086
6.083
6.081
6.082
6.081
6.078
6.075
6.070
6.066
6.061
6.057
6.053
6.049
6.047
6.044
6.042
6.040
6.037
6.032
6.026
6.017
6.006
5.995
5.983
5.971
5.957
5.942
5.924
5.904
5.883
5.861
5.838
5.816
5.794
5.771
5.746
5.720
5.692
5.662
5.633
5.604
5.575
5.548
5.523
5.499
5.473
5.447
5.420
5.394
5.368
5.343
5.319
5.297
5.275
5.255
5.235
5.214
5.193
5.172
5.151
5.132
5.112
5.094
5.077
5.063
5.048
5.034
5.019
5.004
4.990
4.976
4.962
4.949
4.937
4.924
4.909
4.891
4.872
4.853
4.835
4.817
4.798
4.780
4.763
4.748
4.735
4.725
4.717
4.712
4.709
4.705
4.701
4.696
4.692
4.687
4.681
4.673
4.666
4.661
4.656
4.652
4.648
4.644
4.641
4.638
4.637
4.635
4.633
4.631
4.631
4.631
4.631
4.631
4.633
4.636
4.640
4.645
4.650
4.655
4.660
4.663
4.665
4.666
4.668
4.670
4.672
4.672
4.673
4.677
4.681
4.686
4.690
4.691
4.692
4.692
4.691
4.690
4.690
4.692
4.694
4.697
4.701
4.704
4.707
4.709
4.710
4.711
4.711
4.711
4.710
4.709
4.707
4.705
4.703
4.699
4.695
4.691
4.687
4.684
4.681
4.680
4.679
4.678
4.677
4.676
4.673
4.671
4.668
4.666
4.664
4.662
4.661
4.660
4.660
4.659
4.657
4.655
4.653
4.652
4.651
4.650
4.651
4.652
4.654
4.656
4.659
4.661
4.662
4.664
4.666
4.667
4.669
4.671
4.674
4.677
4.680
4.684
4.688
4.693
4.697
4.702
4.707
4.714
4.721
4.730
4.739
4.748
4.756
4.764
4.772
4.779
4.785
4.791
4.796
4.802
4.810
4.820
4.829
4.838
4.846
4.852
4.858
4.863
4.868
4.873
4.879
4.885
4.890
4.896
4.902
4.909
4.915
4.921
4.926
4.931
4.936
4.939
4.942
4.944
4.946
4.949
4.949
4.949
4.948
4.947
4.948
4.946
4.944
4.940
4.935
4.934
4.935
4.938
4.942
4.943
4.945
4.947
4.952
4.956
4.962
4.969
4.977
4.986
4.994
5.003
5.011
5.020
5.029
5.039
5.048
5.058
5.068
5.079
5.089
5.099
5.111
5.124
5.138
5.152
5.166
5.180
5.194
5.209
5.225
5.241
5.260
5.278
5.297
5.316
5.334
5.352
5.369
5.386
5.402
5.418
5.433
5.450
5.466
5.483
5.501
5.519
5.537
5.555
5.574
5.593
5.612
5.631
5.652
5.672
5.693
5.711
5.728
5.743
5.757
5.770
5.784
5.797
5.811
5.823
5.835
5.847
5.859
5.871
5.881
5.890
5.898
5.905
5.911
5.918
5.923
5.928
5.931
5.934
5.936
5.939
5.940
5.942
5.944
5.948
5.952
5.957
5.962
5.967
5.972
5.979
5.986
5.992
5.998
6.004
6.012
6.021
6.030
6.039
6.049
6.058
6.067
6.076
6.084
6.092
6.099
6.107
6.116
6.125
6.135
6.147
6.159
6.171
6.184
6.196
6.207
6.216
6.225
6.234
6.243
6.254
6.267
6.282
0.016
0.033
0.051
0.068
0.082
0.095
0.106
0.117
0.128
0.138
0.148
0.159
0.169
0.178
0.187
0.193
0.200
0.207
0.216
0.225
0.236
0.247
0.258
0.267
0.274
0.279
0.280
0.280
0.278
0.277
0.275
0.271
0.267
0.263
0.259
0.255
0.252
0.251
0.251
0.254
0.259
0.266
0.273
0.280
0.287
0.294
0.300
0.306
0.310
0.314
0.317
0.320
0.323
0.327
0.333
0.340
0.349
0.358
0.368
0.378
0.389
0.399
0.409
0.419
0.428
0.438
0.448
0.459
0.472
0.484
0.497
0.510
0.524
0.539
0.552
0.564
0.577
0.590
0.604
0.618
0.633
0.647
0.660
0.673
0.684
0.694
0.704
0.715
0.726
0.738
0.750
0.761
0.772
0.781
0.790
0.799
0.808
0.816
0.823
0.829
0.834
0.839
0.843
0.847
0.851
0.855
0.859
0.864
0.868
0.873
0.878
0.881
0.885
0.889
0.893
0.897
0.901
0.905
0.909
0.912
0.914
0.916
0.918
0.919
0.921
0.924
0.928
0.932
0.936
0.940
0.944
0.948
0.952
0.956
0.960
0.965
0.969
0.973
0.975
0.975
0.973
0.971
0.967
0.963
0.958
0.956
0.955
0.956
0.959
0.965
0.972
0.978
0.984
0.988
0.991
0.993
0.993
0.993
0.993
0.993
0.993
0.995
0.996
0.998
1.001
1.004
1.008
1.010
1.011
1.012
1.013
1.015
1.018
1.022
1.026
1.030
1.033
1.036
1.040
1.043
1.046
1.048
1.051
1.054
1.057
1.060
1.063
1.066
1.070
1.074
1.079
1.083
1.087
1.091
1.095
1.099
1.102
1.106
1.109
1.113
1.117
1.119
1.121
1.122
1.123
1.126
1.128
1.131
1.134
1.137
1.140
1.142
1.143
1.144
1.146
1.147
1.149
1.151
1.152
1.154
1.155
1.156
1.157
1.158
1.158
1.159
1.161
1.162
1.163
1.164
1.165
1.165
1.165
1.166
1.166
1.166
1.166
1.167
1.169
1.170
1.171
1.173
1.175
1.177
1.179
1.180
1.182
1.183
1.184
1.184
1.185
1.185
1.185
1.186
1.186
1.188
1.190
1.191
1.192
1.193
1.194
1.195
1.196
1.198
1.200
1.202
1.205
1.208
1.211
1.213
1.215
1.216
1.217
1.219
1.221
1.222
1.224
1.225
1.226
1.227
1.228
1.228
1.228
1.228
1.229
1.229
1.229
1.229
1.229
1.230
1.231
1.232
1.234
1.236
1.237
1.239
1.241
1.242
1.243
1.245
1.246
1.247
1.248
1.249
1.250
1.250
1.250
1.250
1.250
1.250
1.249
1.249
1.248
1.248
1.247
1.247
1.247
1.248
1.249
1.249
1.250
1.250
1.251
1.253
1.255
1.256
1.257
1.258
1.258
1.258
1.259
1.261
1.263
1.265
1.267
1.267
1.267
1.267
1.267
1.267
1.267
1.268
1.269
1.271
1.272
1.272
1.272
1.272
1.271
1.270
1.267
1.265
1.262
1.258
1.253
1.249
1.244
1.239
1.234
1.229
1.223
1.219
1.214
1.211
1.208
1.206
1.203
1.199
1.194
1.188
1.180
1.173
1.166
1.160
1.154
1.149
1.144
1.140
1.135
1.130
1.124
1.118
1.112
1.106
1.101
1.097
1.092
1.088
1.084
1.080
1.076
1.072
1.068
1.065
1.062
1.059
1.056
1.052
1.049
1.046
1.043
1.040
1.039
1.038
1.037
1.035
1.034
1.032
1.030
1.027
1.023
1.018
1.013
1.008
1.004
1.001
0.998
0.996
0.995
0.995
0.995
0.996
0.997
0.997
0.998
1.000
1.002
1.004
1.007
1.011
1.014
1.018
1.021
1.024
1.027
1.030
1.034
1.038
1.044
1.051
1.059
1.067
1.075
1.082
1.088
1.094
1.100
1.105
1.109
1.115
1.122
1.130
1.139
1.148
1.157
1.166
1.176
1.184
1.193
1.201
1.210
1.221
1.232
1.244
1.256
1.268
1.280
1.292
1.304
1.317
1.331
1.346
1.363
1.383
1.404
1.426
1.449
1.471
1.492
1.515
1.539
1.564
1.591
1.619
1.647
1.673
1.695
1.711
1.723
1.731
1.735
1.738
1.743
1.749
1.754
1.758
1.760
1.762
1.764
1.764
1.761
1.758
1.753
1.748
1.744
1.741
1.737
1.732
1.727
1.720
1.713
1.707
1.703
1.701
1.695
1.688
1.684
1.680
1.680
1.684
1.690
1.693
1.694
1.694
1.695
1.694
1.693
1.694
1.696
1.697
1.698
1.701
1.705
1.711
1.716
1.723
1.732
1.740
1.749
1.757
1.765
1.771
1.778
1.782
1.787
1.790
1.790
1.789
1.785
1.781
1.775
1.770
1.764
1.757
1.750
1.745
1.741
1.737
1.733
1.729
1.727
1.725
1.724
1.722
1.720
1.718
1.716
1.715
1.717
1.720
1.724
1.729
1.733
1.739
1.746
1.753
1.761
1.769
1.777
1.784
1.790
1.795
1.799
1.802
1.805
1.808
1.811
1.814
1.817
1.820
1.822
1.824
1.825
1.826
1.828
1.830
1.832
1.834
1.835
1.836
1.837
1.839
1.840
1.842
1.842
1.842
1.840
1.838
1.835
1.832
1.829
1.829
1.831
1.835
1.838
1.839
1.840
1.838
1.835
1.831
1.826
1.820
1.816
1.812
1.809
1.808
1.807
1.805
1.805
1.800
1.795
1.792
1.790
1.789
1.789
1.792
1.795
1.799
1.802
1.803
1.805
1.805
1.801
1.797
1.792
1.788
1.783
1.776
1.770
1.762
1.751
1.745
1.738
1.729
1.725
1.719
1.714
1.712
1.709
1.707
1.701
1.697
1.697
1.695
1.691
1.689
1.689
1.688
1.686
1.682
1.674
1.659
1.648
1.651
1.654
1.653
1.652
1.649
1.648
1.647
1.647
1.645
1.644
1.643
1.641
1.640
1.642
1.646
1.654
1.655
1.653
1.653
1.653
1.649
1.645
1.643
1.641
1.643
1.646
1.651
1.659
1.669
1.679
1.688
1.695
1.700
1.705
1.712
1.722
1.732
1.740
1.740
1.741
1.743
1.745
1.746
1.748
1.748
1.749
1.748
1.748
1.750
1.752
1.753
1.753
1.753
1.751
1.750
1.751
1.751
1.749
1.751
1.752
1.754
1.755
1.756
1.757
1.757
1.758
1.759
1.761
1.765
1.767
1.767
1.767
1.766
1.765
1.765
1.765
1.767
1.769
1.772
1.775
1.776
1.775
1.774
1.775
1.776
1.777
1.776
1.776
1.777
1.779
1.783
1.787
1.795
1.802
1.754
1.776
1.773
1.773
1.772
1.772
1.779
1.784
1.784
1.784
1.787
1.794
1.797
1.794
1.791
1.793
1.795
1.795
1.796
1.797
1.798
1.799
1.800
1.801
1.802
1.804
1.805
1.806
1.808
1.809
1.810
1.811
1.813
1.814
1.815
1.815
1.816
1.816
1.817
1.818
1.819
1.820
1.821
1.822
1.824
1.825
1.826
1.826
1.827
1.828
1.830
1.832
1.834
1.836
1.837
1.839
1.840
1.841
1.842
1.843
1.844
1.845
1.847
1.849
1.850
1.852
1.853
1.854
1.855
1.856
1.856
1.856
1.856
1.857
1.857
1.857
1.858
1.859
1.859
1.859
1.859
1.859
1.859
1.859
1.859
1.860
1.861
1.861
1.861
1.862
1.863
1.864
1.865
1.866
1.867
1.868
1.869
1.870
1.871
1.872
1.873
1.873
1.874
1.874
1.874
1.874
1.874
1.874
1.873
1.873
1.873
1.873
1.874
1.874
1.874
1.874
1.875
1.875
1.876
1.876
1.876
1.876
1.876
1.875
1.874
1.873
1.873
1.873
1.873
1.873
1.873
1.873
1.873
1.874
1.874
1.875
1.875
1.875
1.874
1.875
1.875
1.876
1.877
1.878
1.878
1.878
1.878
1.877
1.877
1.877
1.877
1.877
1.877
1.878
1.878
1.878
1.878
1.878
1.878
1.878
1.878
1.878
1.878
1.879
1.879
1.880
1.880
1.881
1.883
1.885
1.887
1.888
1.889
1.890
1.891
1.891
1.891
1.891
1.891
1.891
1.891
1.891
1.892
1.893
1.893
1.894
1.894
1.894
1.894
1.894
1.893
1.893
1.893
1.893
1.893
1.893
1.893
1.893
1.893
1.894
1.894
1.894
1.893
1.892
1.892
1.891
1.891
1.891
1.891
1.891
1.891
1.892
1.892
1.892
1.892
1.892
1.892
1.892
1.892
1.892
1.892
1.891
1.891
1.891
1.891
1.891
1.891
1.891
1.890
1.890
1.889
1.888
1.888
1.887
1.886
1.885
1.884
1.884
1.884
1.883
1.883
1.882
1.882
1.882
1.882
1.882
1.882
1.883
1.884
1.885
1.886
1.886
1.886
1.887
1.887
1.887
1.887
1.887
1.887
1.886
1.885
1.885
1.884
1.884
1.883
1.883
1.882
1.882
1.882
1.882
1.881
1.881
1.882
1.882
1.882
1.882
1.882
1.882
1.882
1.882
1.883
1.883
1.884
1.884
1.885
1.886
1.886
1.886
1.886
1.886
1.885
1.885
1.885
1.884
1.883
1.883
1.882
1.882
1.881
1.880
1.880
1.881
1.881
1.882
1.882
1.881
1.881
1.881
1.880
1.880
1.879
1.878
1.878
1.878
1.879
1.879
1.878
1.878
1.877
1.877
1.878
1.878
1.878
1.878
1.878
1.878
1.879
1.879
1.878
1.878
1.877
1.877
1.877
1.877
1.878
1.878
1.878
1.878
1.878
1.879
1.880
1.880
1.881
1.882
1.883
1.884
1.884
1.884
1.884
1.884
1.884
1.885
1.885
1.885
1.885
1.886
1.887
1.887
1.886
1.886
1.886
1.886
1.886
1.885
1.884
1.884
1.884
1.883
1.883
1.883
1.883
1.884
1.884
1.884
1.883
1.882
1.881
1.880
1.880
1.879
1.878
1.878
1.877
1.877
1.878
1.878
1.878
1.878
1.879
1.879
1.880
1.881
1.882
1.882
1.883
1.884
1.885
1.887
1.888
1.889
1.889
1.889
1.888
1.889
1.889
1.889
1.888
1.888
1.887
1.886
1.885
1.885
1.886
1.887
1.888
1.889
1.890
1.891
1.892
1.892
1.892
1.893
1.893
1.893
1.893
1.893
1.893
1.892
1.892
1.892
1.893
1.893
1.893
1.894
1.894
1.894
1.894
1.894
1.894
1.893
1.893
1.893
1.893
1.893
1.893
1.893
1.893
1.892
1.892
1.891
1.891
1.891
1.890
1.889
1.888
1.886
1.885
1.884
1.883
1.882
1.882
1.881
1.880
1.879
1.880
1.880
1.880
1.880
1.881
1.881
1.882
1.883
1.884
1.885
1.885
1.885
1.886
1.887
1.888
1.889
1.890
1.891
1.892
1.893
1.893
1.893
1.894
1.894
1.893
1.893
1.894
1.894
1.893
1.893
1.893
1.893
1.893
1.893
1.894
1.894
1.894
1.894
1.895
1.895
1.896
1.896
1.897
1.898
1.899
1.900
1.901
1.901
1.901
1.902
1.902
1.902
1.901
1.901
1.901
1.901
1.901
1.900
1.900
1.900
1.900
1.900
1.900
1.899
1.898
1.898
1.897
1.897
1.897
1.897
1.897
1.897
1.897
1.897
1.898
1.898
1.898
1.898
1.898
1.898
1.897
1.897
1.896
1.895
1.894
1.894
1.893
1.892
1.892
1.891
1.890
1.889
1.889
1.889
1.888
1.887
1.886
1.886
1.887
1.888
1.888
1.889
1.890
1.890
1.890
1.890
1.890
1.889
1.889
1.888
1.887
1.886
1.885
1.884
1.883
1.882
1.881
1.880
1.879
1.879
1.879
1.879
1.878
1.877
1.877
1.876
1.876
1.876
1.876
1.876
1.876
1.876
1.877
1.878
1.879
1.880
1.881
1.882
1.884
1.884
1.885
1.885
1.886
1.886
1.887
1.887
1.888
1.888
1.889
1.890
1.890
1.890
1.889
1.889
1.889
1.889
1.890
1.890
1.891
1.891
1.891
1.891
1.891
1.892
1.892
1.892
1.894
1.894
1.895
1.895
1.896
1.897
1.898
1.899
1.900
1.900
1.900
1.901
1.901
1.901
1.901
1.901
1.902
1.902
1.902
1.902
1.902
1.901
1.901
1.900
1.900
1.899
1.899
1.899
1.899
1.899
1.898
1.898
1.898
1.898
1.898
1.897
1.897
1.897
1.897
1.897
1.897
1.896
1.896
1.895
1.895
1.894
1.894
1.893
1.893
1.891
1.890
1.889
1.889
1.889
1.889
1.889
1.889
1.890
1.890
1.890
1.890
1.890
1.889
1.890
1.891
1.891
1.891
1.891
1.891
1.890
1.893
1.893
1.892
1.891
1.889
1.890
1.893
1.894
1.894
1.893
1.892
1.893
1.894
1.894
1.893
1.892
1.891
1.890
1.890
1.891
1.892
1.891
1.890
1.890
1.889
1.889
1.889
1.888
1.887
1.886
1.885
1.884
1.883
1.882
1.881
1.880
1.879
1.879
1.880
1.880
1.881
1.881
1.881
1.881
1.880
1.880
1.879
1.879
1.879
1.879
1.879
1.880
1.880
1.880
1.881
1.881
1.881
1.880
1.880
1.880
1.879
1.879
1.879
1.880
1.879
1.879
1.879
1.879
1.880
1.880
1.879
1.879
1.879
1.878
1.878
1.878
1.878
1.877
1.877
1.877
1.877
1.876
1.876
1.876
1.877
1.877
1.878
1.879
1.879
1.880
1.880
1.881
1.882
1.883
1.884
1.885
1.885
1.886
1.886
1.886
1.885
1.885
1.884
1.884
1.884
1.884
1.885
1.885
1.885
1.885
1.884
1.884
1.884
1.884
1.884
1.884
1.885
1.885
1.885
1.885
1.884
1.884
1.883
1.883
1.883
1.883
1.883
