90
90.218
91.149
99.147
112.237
147.022
156.131
164.620
153.314
155.952
155.187
176.840
180.629
183.031
167.729
168.974
164.108
175.476
123.289
358.483
342.268
344.178
336.575
347.682
355.541
3.004
351.061
344.247
331.969
335.012
317.391
290.672
269.100
275.742
275.380
284.280
282.503
278.734
250.028
232.606
216.084
220.034
220.772
230.942
229.621
239.702
241.618
253.212
251.918
257.216
252.472
250.665
258.665
290.195
313.114
338.808
344.760
353.738
350.170
354.537
346.750
350.532
0.478
121.666
167.195
173.603
168.991
177.488
174.160
177.051
157.401
143.546
115.114
106.964
90.659
76.008
71.390
76.664
73.826
75.231
68.348
69.261
61.454
62.274
54.288
49.231
40.019
45.489
51.178
65.708
72.448
